0 ~Brick  1 x  1 x  1.333 Round Quarter Dome with Curved Top - Bottom Half
0 Name: s\1871s02.dat
0 Author: Rene Rechthaler [Blechtaler]
0 !LDRAW_ORG Subpart UPDATE 2026-03
0 !LICENSE Licensed under CC BY 4.0 : see CAreadme.txt

0 BFC CERTIFY CCW

0 !HISTORY 2026-03-31 [OrionP] Official Update 2026-03

1 16 15.1273 -2 -7.0812 0 1 -.4161 2 0 0 0 0 .6226 rect3.dat
1 16 15.6862 -2 -8.4214 0 1 .1428 2 0 0 0 0 -.7176 rect3.dat
1 16 16.427 -2 -9.484 0 0 .598 2 0 0 0 1 -.345 rect3.dat
5 24 15.5434 -4 -7.7038 15.5434 0 -7.7038 14.7112 0 -6.4586 15.829 0 -9.139
4 16 20 0 0 15.2 0 -4 4 0 -4 0 0 0
4 16 14.7112 0 -6.4586 15.2 0 -4 18.478 0 -7.654 15.5434 0 -7.7038
3 16 15.2 0 -4 20 0 0 18.478 0 -7.654
4 16 15.5434 0 -7.7038 18.478 0 -7.654 17.025 0 -9.829 15.829 0 -9.139
2 24 17.025 0 -9.829 18.478 0 -7.654
2 24 20 0 0 0 0 0
2 24 14.7112 0 -6.4586 15.2 0 -4
2 24 15.2 0 -4 4 0 -4
1 16 0 0 0 20 0 0 0 -1 0 0 0 -20 1-16chrd.dat
1 16 0 0 0 20 0 0 0 1 0 0 0 -20 1-16edge.dat
4 16 15.829 -4 -9.139 14.3477 -4 -8.2862 14.7112 -4 -6.4586 15.5434 -4 -7.7038
4 16 15.829 -4 -9.139 14.142 -4 -14.142 11.9195 -4 -11.9195 14.3477 -4 -8.2862
3 16 15.829 -4 -9.139 17.025 -4 -9.829 14.142 -4 -14.142
2 24 14.142 -4 -14.142 17.025 -4 -9.829
2 24 11.9195 -4 -11.9195 14.3477 -4 -8.2862
2 24 14.3477 -4 -8.2862 14.7112 -4 -6.4586