0 ~Cylinder Hemisphere  7 x  7 Flat with 2 Pin Holes Top Quarter
0 Name: s\1974s02.dat
0 Author: Philippe Hurbain [Philo]
0 !LDRAW_ORG Subpart UPDATE 2026-02
0 !LICENSE Licensed under CC BY 4.0 : see CAreadme.txt

0 BFC CERTIFY CCW

0 !HISTORY 2026-03-06 [OrionP] Official Update 2026-02

3 16 19.202 -37.488 3.041 0 -37.072 0 19.496 -37.492 0
3 16 17.9305 -37.49 7.4295 0 -37.072 0 19.202 -37.488 3.041
3 16 15.772 -37.492 11.459 0 -37.072 0 17.9305 -37.49 7.4295
3 16 34.567 -38.653 25.114 15.772 -37.492 11.459 38.07 -38.653 19.398
4 16 44.2743 -39.719 32.1671 34.567 -38.653 25.114 38.07 -38.653 19.398 48.7612 -39.719 24.8451
4 16 38.6971 -39.719 38.6971 30.213 -38.653 30.213 34.567 -38.653 25.114 44.2743 -39.719 32.1671
4 16 32.1671 -39.719 44.2743 25.114 -38.653 34.567 30.213 -38.653 30.213 38.6971 -39.719 38.6971
4 16 25.114 -38.653 34.567 32.1671 -39.719 44.2743 24.8451 -39.719 48.7612 19.398 -38.653 38.07
4 16 19.398 -38.653 38.07 24.8451 -39.719 48.7612 16.9113 -39.719 52.0475 13.203 -38.653 40.636
4 16 8.561 -39.719 54.0522 6.684 -38.653 42.201 13.203 -38.653 40.636 16.9113 -39.719 52.0475
4 16 0 -39.719 54.726 0 -38.653 42.727 6.684 -38.653 42.201 8.561 -39.719 54.0522
4 16 4.5375 -37.492 18.899 6.684 -38.653 42.201 0 -38.653 42.727 0 -37.492 19.496
3 16 6.684 -38.653 42.201 4.5375 -37.492 18.899 13.203 -38.653 40.636
4 16 8.851 -37.492 17.371 19.398 -38.653 38.07 13.203 -38.653 40.636 4.5375 -37.492 18.899
4 16 12.6225 -37.492 14.779 25.114 -38.653 34.567 19.398 -38.653 38.07 8.851 -37.492 17.371
3 16 25.114 -38.653 34.567 12.6225 -37.492 14.779 30.213 -38.653 30.213
4 16 30.213 -38.653 30.213 12.6225 -37.492 14.779 15.772 -37.492 11.459 34.567 -38.653 25.114
3 16 12.6225 -37.492 14.779 0 -37.072 0 15.772 -37.492 11.459
3 16 8.851 -37.492 17.371 0 -37.072 0 12.6225 -37.492 14.779
3 16 4.5375 -37.492 18.899 0 -37.072 0 8.851 -37.492 17.371
3 16 0 -37.492 19.496 0 -37.072 0 4.5375 -37.492 18.899
4 16 52.0475 -39.719 16.9113 48.7612 -39.719 24.8451 38.07 -38.653 19.398 41.436 -38.703 13.463
4 16 15.772 -37.492 11.459 17.9305 -37.49 7.4295 41.436 -38.703 13.463 38.07 -38.653 19.398
3 16 41.436 -38.703 13.463 17.9305 -37.49 7.4295 34.5014 -38.1785 5.1532
4 16 38.798 -38.357 4.563 41.308 -38.571 7.909 41.436 -38.703 13.463 34.5014 -38.1785 5.1532
3 16 44.015 -38.829 10.291 41.436 -38.703 13.463 41.308 -38.571 7.909
3 16 47.673 -39.17 11.606 41.436 -38.703 13.463 44.015 -38.829 10.291
3 16 47.673 -39.17 11.606 52.0475 -39.719 16.9113 41.436 -38.703 13.463
4 16 19.202 -37.488 3.041 33.5102 -38.0936 0 34.5014 -38.1785 5.1532 17.9305 -37.49 7.4295
4 16 33.5102 -38.0936 0 38.133 -38.292 0 38.798 -38.357 4.563 34.5014 -38.1785 5.1532
3 16 33.5102 -38.0936 0 19.202 -37.488 3.041 19.496 -37.492 0
3 16 52.53 -39.271 11.569 52.0475 -39.719 16.9113 47.673 -39.17 11.606