0 ~Cylinder Hemisphere  7 x  7 Flat with 2 Pin Holes Quarter
0 Name: s\1974s01.dat
0 Author: Philippe Hurbain [Philo]
0 !LDRAW_ORG Subpart UPDATE 2026-02
0 !LICENSE Licensed under CC BY 4.0 : see CAreadme.txt

0 BFC CERTIFY CCW

0 !HISTORY 2026-03-06 [OrionP] Official Update 2026-02

3 16 64.483 -28.124 0 62.336 -31.009 3.908 63.028 -30.139 0
3 16 63.6891 -28.124 10.0874 62.336 -31.009 3.908 64.483 -28.124 0
4 16 67.5421 -19.811 10.6976 63.6891 -28.124 10.0874 64.483 -28.124 0 68.384 -19.811 0
4 16 69.493 -9.988 0 68.6374 -9.988 10.8711 67.5421 -19.811 10.6976 68.384 -19.811 0
4 16 68.6374 -9.988 10.8711 66.0918 -9.988 21.4745 65.037 -19.811 21.1318 67.5421 -19.811 10.6976
4 16 61.327 -28.124 19.9263 63.6891 -28.124 10.0874 67.5421 -19.811 10.6976 65.037 -19.811 21.1318
4 16 61.9187 -9.988 31.5492 60.9306 -19.811 31.0457 65.037 -19.811 21.1318 66.0918 -9.988 21.4745
4 16 61.9187 -9.988 31.5492 56.221 -9.988 40.847 55.3238 -19.811 40.1951 60.9306 -19.811 31.0457
4 16 56.221 -9.988 40.847 49.139 -9.988 49.139 48.3548 -19.811 48.3548 55.3238 -19.811 40.1951
4 16 49.139 -9.988 49.139 40.847 -9.988 56.221 40.1951 -19.811 55.3238 48.3548 -19.811 48.3548
4 16 31.0457 -19.811 60.9306 40.1951 -19.811 55.3238 40.847 -9.988 56.221 31.5492 -9.988 61.9187
4 16 21.1318 -19.811 65.037 31.0457 -19.811 60.9306 31.5492 -9.988 61.9187 21.4745 -9.988 66.0918
4 16 10.6976 -19.811 67.5421 21.1318 -19.811 65.037 21.4745 -9.988 66.0918 10.8711 -9.988 68.6374
4 16 10.8711 -9.988 68.6374 0 -9.988 69.493 0 -19.811 68.384 10.6976 -19.811 67.5421
4 16 52.1678 -28.124 37.9022 57.4548 -28.124 29.2747 60.9306 -19.811 31.0457 55.3238 -19.811 40.1951
4 16 45.5964 -28.124 45.5964 52.1678 -28.124 37.9022 55.3238 -19.811 40.1951 48.3548 -19.811 48.3548
4 16 48.3548 -19.811 48.3548 40.1951 -19.811 55.3238 37.9022 -28.124 52.1678 45.5964 -28.124 45.5964
4 16 31.0457 -19.811 60.9306 29.2747 -28.124 57.4548 37.9022 -28.124 52.1678 40.1951 -19.811 55.3238
4 16 29.2747 -28.124 57.4548 31.0457 -19.811 60.9306 21.1318 -19.811 65.037 19.9263 -28.124 61.327
4 16 10.6976 -19.811 67.5421 10.0874 -28.124 63.6891 19.9263 -28.124 61.327 21.1318 -19.811 65.037
4 16 0 -19.811 68.384 0 -28.124 64.483 10.0874 -28.124 63.6891 10.6976 -19.811 67.5421
4 16 53.4399 -34.828 27.229 57.4548 -28.124 29.2747 52.1678 -28.124 37.9022 48.5224 -34.828 35.2536
4 16 44.2743 -39.719 32.1671 48.7612 -39.719 24.8451 53.4399 -34.828 27.229 48.5224 -34.828 35.2536
4 16 38.6971 -39.719 38.6971 44.2743 -39.719 32.1671 48.5224 -34.828 35.2536 42.4101 -34.828 42.4101
4 16 48.5224 -34.828 35.2536 52.1678 -28.124 37.9022 45.5964 -28.124 45.5964 42.4101 -34.828 42.4101
4 16 37.9022 -28.124 52.1678 35.2536 -34.828 48.5224 42.4101 -34.828 42.4101 45.5964 -28.124 45.5964
4 16 27.229 -34.828 53.4399 35.2536 -34.828 48.5224 37.9022 -28.124 52.1678 29.2747 -28.124 57.4548
4 16 42.4101 -34.828 42.4101 35.2536 -34.828 48.5224 32.1671 -39.719 44.2743 38.6971 -39.719 38.6971
4 16 24.8451 -39.719 48.7612 32.1671 -39.719 44.2743 35.2536 -34.828 48.5224 27.229 -34.828 53.4399
4 16 18.5339 -34.828 57.0415 27.229 -34.828 53.4399 29.2747 -28.124 57.4548 19.9263 -28.124 61.327
4 16 16.9113 -39.719 52.0475 24.8451 -39.719 48.7612 27.229 -34.828 53.4399 18.5339 -34.828 57.0415
4 16 9.3825 -34.828 59.2386 18.5339 -34.828 57.0415 19.9263 -28.124 61.327 10.0874 -28.124 63.6891
4 16 8.561 -39.719 54.0522 16.9113 -39.719 52.0475 18.5339 -34.828 57.0415 9.3825 -34.828 59.2386
4 16 0 -34.828 59.977 9.3825 -34.828 59.2386 10.0874 -28.124 63.6891 0 -28.124 64.483
4 16 9.3825 -34.828 59.2386 0 -34.828 59.977 0 -39.719 54.726 8.561 -39.719 54.0522
4 16 52.0475 -39.719 16.9113 57.0415 -34.828 18.5339 53.4399 -34.828 27.229 48.7612 -39.719 24.8451
3 16 57.0415 -34.828 18.5339 52.0475 -39.719 16.9113 56.375 -37.505 10.697
3 16 59.901 -33.749 7.717 57.0415 -34.828 18.5339 56.375 -37.505 10.697
3 16 57.0415 -34.828 18.5339 59.901 -33.749 7.717 63.6891 -28.124 10.0874
3 16 55.454 -37.081 9.009 59.901 -33.749 7.717 56.375 -37.505 10.697
3 16 58.553 -33.788 6.214 59.901 -33.749 7.717 55.454 -37.081 9.009
3 16 56.375 -37.505 10.697 52.53 -39.271 11.569 52.324 -38.914 9.978
3 16 56.375 -37.505 10.697 52.0475 -39.719 16.9113 52.53 -39.271 11.569
3 16 52.324 -38.914 9.978 55.454 -37.081 9.009 56.375 -37.505 10.697
3 16 63.6891 -28.124 10.0874 61.327 -28.124 19.9263 57.0415 -34.828 18.5339
3 16 62.336 -31.009 3.908 63.6891 -28.124 10.0874 59.901 -33.749 7.717
3 16 58.553 -33.788 6.214 62.336 -31.009 3.908 59.901 -33.749 7.717
3 16 60.429 -31.634 2.783 62.336 -31.009 3.908 58.553 -33.788 6.214
3 16 60.429 -31.634 2.783 63.028 -30.139 0 62.336 -31.009 3.908
3 16 60.766 -31.331 0 63.028 -30.139 0 60.429 -31.634 2.783
4 16 60.9306 -19.811 31.0457 57.4548 -28.124 29.2747 61.327 -28.124 19.9263 65.037 -19.811 21.1318
4 16 57.0415 -34.828 18.5339 61.327 -28.124 19.9263 57.4548 -28.124 29.2747 53.4399 -34.828 27.229
4 16 40.3977 -.41 2 40 -.41 0 15.961 -.25 0 15.961 -.25 2
3 16 14.037 -1.432 0 15.961 -.25 2 15.961 -.25 0
3 16 13.983 -1.383 2.03 15.961 -.25 2 14.037 -1.432 0
4 16 12.5225 -2.679 1.865 13.983 -1.383 2.03 14.037 -1.432 0 12.606 -2.6965 0
4 16 11.353 -4.583 0 11.284 -4.56 1.302 12.5225 -2.679 1.865 12.606 -2.6965 0
3 16 10.95 -5.777 0 10.859 -6.378 1.113 11.284 -4.56 1.302
3 16 11.284 -4.56 1.302 11.353 -4.583 0 10.95 -5.777 0
3 16 10.859 -6.378 1.113 10.95 -5.777 0 10.684 -7.312 0
4 16 10.859 -6.378 1.113 10.684 -7.312 0 10.682 -21.943 0 10.858 -21.928 1.113
3 16 10.859 -6.378 1.113 11.367 -5.468 2.111 11.295 -4.892 1.824
4 16 12.661 -4.1485 3.1615 12.446 -3.1265 2.535 11.295 -4.892 1.824 11.367 -5.468 2.111
3 16 12.661 -4.1485 3.1615 14.273 -3.089 3.595 12.446 -3.1265 2.535
3 16 12.446 -3.1265 2.535 14.273 -3.089 3.595 13.972 -1.883 2.986
3 16 15.889 -2.4405 3.1655 17.109 -1.942 2 15.961 -.25 2
4 16 14.273 -3.089 3.595 15.889 -2.4405 3.1655 15.961 -.25 2 13.972 -1.883 2.986
3 16 15.961 -.25 2 13.983 -1.383 2.03 13.972 -1.883 2.986
3 16 12.446 -3.1265 2.535 13.972 -1.883 2.986 12.5225 -2.679 1.865
3 16 12.5225 -2.679 1.865 13.972 -1.883 2.986 13.983 -1.383 2.03
4 16 17.109 -1.942 2 15.889 -2.4405 3.1655 15.8845 -33.617 3.168 17.083 -33.638 2
4 16 14.273 -33.589 3.602 15.8845 -33.617 3.168 15.889 -2.4405 3.1655 14.273 -3.089 3.595
4 16 14.273 -3.089 3.595 12.661 -4.1485 3.1615 12.661 -33.558 3.169 14.273 -33.589 3.602
3 16 12.661 -4.1485 3.1615 11.371 -21.855 2 12.661 -33.558 3.169
3 16 12.661 -33.558 3.169 11.371 -21.855 2 11.451 -33.53 2
3 16 12.661 -4.1485 3.1615 11.367 -5.468 2.111 11.371 -21.855 2
3 16 10.858 -21.928 1.113 11.371 -21.855 2 10.859 -6.378 1.113
3 16 10.859 -6.378 1.113 11.371 -21.855 2 11.367 -5.468 2.111
4 16 63.5568 -20.448 10.0664 64.349 -20.448 0 62.956 -23.266 0 62.175 -24.178 4.431
4 16 65.4344 -9.988 10.3638 66.25 -9.988 0 64.349 -20.448 0 63.5568 -20.448 10.0664
4 16 63.5568 -20.448 10.0664 61.1995 -20.448 19.8849 63.0075 -9.988 20.4724 65.4344 -9.988 10.3638
3 16 59.925 -28.18 8.328 63.5568 -20.448 10.0664 62.175 -24.178 4.431
3 16 59.925 -28.18 8.328 61.1995 -20.448 19.8849 63.5568 -20.448 10.0664
3 16 56.9806 -29.522 18.5141 61.1995 -20.448 19.8849 59.925 -28.18 8.328
4 16 59.0292 -9.988 30.0769 63.0075 -9.988 20.4724 61.1995 -20.448 19.8849 57.3354 -20.448 29.2138
4 16 53.3829 -29.522 27.1999 57.3354 -20.448 29.2138 61.1995 -20.448 19.8849 56.9806 -29.522 18.5141
3 16 56.9806 -29.522 18.5141 59.925 -28.18 8.328 56.478 -31.597 11.22
4 16 52.25 -35.256 12.759 50.7579 -35.818 16.4922 56.9806 -29.522 18.5141 56.478 -31.597 11.22
4 16 47.553 -35.818 24.2295 53.3829 -29.522 27.1999 56.9806 -29.522 18.5141 50.7579 -35.818 16.4922
4 16 53.5974 -9.988 38.9408 59.0292 -9.988 30.0769 57.3354 -20.448 29.2138 52.0594 -20.448 37.8234
4 16 48.4706 -29.522 35.216 52.0594 -20.448 37.8234 57.3354 -20.448 29.2138 53.3829 -29.522 27.1999
4 16 42.3649 -29.522 42.3649 45.5016 -20.448 45.5016 52.0594 -20.448 37.8234 48.4706 -29.522 35.216
4 16 52.0594 -20.448 37.8234 45.5016 -20.448 45.5016 46.8458 -9.988 46.8458 53.5974 -9.988 38.9408
4 16 53.3829 -29.522 27.1999 47.553 -35.818 24.2295 43.1772 -35.818 31.3701 48.4706 -29.522 35.216
4 16 37.7383 -35.818 37.7383 42.3649 -29.522 42.3649 48.4706 -29.522 35.216 43.1772 -35.818 31.3701
4 16 45.5016 -20.448 45.5016 37.8234 -20.448 52.0594 38.9408 -9.988 53.5974 46.8458 -9.988 46.8458
4 16 37.8234 -20.448 52.0594 45.5016 -20.448 45.5016 42.3649 -29.522 42.3649 35.216 -29.522 48.4706
4 16 31.3701 -35.818 43.1772 35.216 -29.522 48.4706 42.3649 -29.522 42.3649 37.7383 -35.818 37.7383
4 16 37.8234 -20.448 52.0594 29.2138 -20.448 57.3354 30.0769 -9.988 59.0292 38.9408 -9.988 53.5974
4 16 35.216 -29.522 48.4706 27.1999 -29.522 53.3829 29.2138 -20.448 57.3354 37.8234 -20.448 52.0594
4 16 24.2295 -35.818 47.553 27.1999 -29.522 53.3829 35.216 -29.522 48.4706 31.3701 -35.818 43.1772
4 16 20.4724 -9.988 63.0075 30.0769 -9.988 59.0292 29.2138 -20.448 57.3354 19.8849 -20.448 61.1995
4 16 19.8849 -20.448 61.1995 29.2138 -20.448 57.3354 27.1999 -29.522 53.3829 18.5141 -29.522 56.9806
4 16 16.4922 -35.818 50.7579 18.5141 -29.522 56.9806 27.1999 -29.522 53.3829 24.2295 -35.818 47.553
4 16 10.3638 -9.988 65.4344 20.4724 -9.988 63.0075 19.8849 -20.448 61.1995 10.0664 -20.448 63.5568
4 16 10.0664 -20.448 63.5568 19.8849 -20.448 61.1995 18.5141 -29.522 56.9806 9.3725 -29.522 59.1754
4 16 18.5141 -29.522 56.9806 16.4922 -35.818 50.7579 8.3489 -35.818 52.7129 9.3725 -29.522 59.1754
4 16 0 -9.988 66.25 10.3638 -9.988 65.4344 10.0664 -20.448 63.5568 0 -20.448 64.349
4 16 9.3725 -29.522 59.1754 0 -29.522 59.913 0 -20.448 64.349 10.0664 -20.448 63.5568
4 16 0 -35.818 53.37 0 -29.522 59.913 9.3725 -29.522 59.1754 8.3489 -35.818 52.7129
4 16 59.43 -23.5 0 59.096 -23.5 2.2962 40.776 -23.5 2.2962 40.445 -23.5 0
4 16 59.193 -29.798 2.901 59.096 -23.5 2.2962 59.43 -23.5 0 59.615 -29.171 0
4 16 58.868 -18 2.2962 59.096 -23.5 2.2962 59.193 -29.798 2.901 58.637 -18 3.158
3 16 59.193 -29.798 2.901 57.029 -18 5.943 58.637 -18 3.158
3 16 57.358 -32.169 6.364 57.029 -18 5.943 59.193 -29.798 2.901
3 16 57.029 -18 5.943 57.358 -32.169 6.364 54.566 -18 8.009
3 16 54.566 -18 8.009 57.358 -32.169 6.364 54.517 -35.692 8.785
3 16 54.517 -35.692 8.785 51.545 -18 9.109 54.566 -18 8.009
3 16 51.682 -37.674 9.825 51.545 -18 9.109 54.517 -35.692 8.785
4 16 51.682 -37.674 9.825 48.249 -37.404 9.813 48.33 -18 9.109 51.545 -18 9.109
4 16 45.309 -18 8.009 48.33 -18 9.109 48.249 -37.404 9.813 44.999 -37.135 8.637
4 16 42.846 -18 5.943 45.309 -18 8.009 44.999 -37.135 8.637 42.466 -36.818 6.54
3 16 42.466 -36.818 6.54 40.679 -36.675 3.603 42.846 -18 5.943
3 16 42.846 -18 5.943 40.679 -36.675 3.603 41.238 -18 3.158
3 16 40.679 -36.675 3.603 40.776 -23.5 2.2962 41.238 -18 3.158
3 16 40.018 -36.422 0 40.776 -23.5 2.2962 40.679 -36.675 3.603
3 16 40.445 -23.5 0 40.776 -23.5 2.2962 40.018 -36.422 0
3 16 40.018 -36.422 0 40.679 -36.675 3.603 39.553 -37.79 0
3 16 39.553 -37.79 0 40.679 -36.675 3.603 40.18 -37.977 3.886
3 16 40.679 -36.675 3.603 42.466 -36.818 6.54 40.18 -37.977 3.886
3 16 40.18 -37.977 3.886 42.466 -36.818 6.54 42.175 -38.061 6.933
3 16 44.999 -37.135 8.637 42.175 -38.061 6.933 42.466 -36.818 6.54
3 16 44.7 -38.385 9.059 42.175 -38.061 6.933 44.999 -37.135 8.637
4 16 44.999 -37.135 8.637 48.249 -37.404 9.813 48.021 -38.703 10.269 44.7 -38.385 9.059
3 16 48.249 -37.404 9.813 51.682 -37.674 9.825 48.021 -38.703 10.269
3 16 48.021 -38.703 10.269 51.682 -37.674 9.825 52.324 -38.914 9.978
3 16 51.682 -37.674 9.825 55.454 -37.081 9.009 52.324 -38.914 9.978
3 16 54.517 -35.692 8.785 55.454 -37.081 9.009 51.682 -37.674 9.825
3 16 54.517 -35.692 8.785 58.553 -33.788 6.214 55.454 -37.081 9.009
3 16 57.358 -32.169 6.364 58.553 -33.788 6.214 54.517 -35.692 8.785
3 16 57.358 -32.169 6.364 60.429 -31.634 2.783 58.553 -33.788 6.214
3 16 59.193 -29.798 2.901 60.429 -31.634 2.783 57.358 -32.169 6.364
3 16 59.193 -29.798 2.901 60.766 -31.331 0 60.429 -31.634 2.783
3 16 59.615 -29.171 0 60.766 -31.331 0 59.193 -29.798 2.901
3 16 58 -18 0 56.902 -19.769 0 56.902 -19.769 2.2962
3 16 56.902 -19.769 2.2962 57.5434 -18 2.2962 58 -18 0
3 16 55.708 -20.25 2.2962 56.902 -19.769 2.2962 56.902 -19.769 0
4 16 68.269 -1.303 10.8128 69.12 -1.303 0 66.181 -.041 0 65.3662 -.041 10.353
4 16 62.9419 -.041 20.4511 65.737 -1.303 21.3593 68.269 -1.303 10.8128 65.3662 -.041 10.353
4 16 58.9677 -.041 30.0455 61.5864 -1.303 31.3798 65.737 -1.303 21.3593 62.9419 -.041 20.4511
4 16 55.9193 -1.303 40.6277 61.5864 -1.303 31.3798 58.9677 -.041 30.0455 53.5416 -.041 38.9002
4 16 48.8752 -1.303 48.8752 55.9193 -1.303 40.6277 53.5416 -.041 38.9002 46.797 -.041 46.797
4 16 40.6277 -1.303 55.9193 48.8752 -1.303 48.8752 46.797 -.041 46.797 38.9002 -.041 53.5416
4 16 31.3798 -1.303 61.5864 40.6277 -1.303 55.9193 38.9002 -.041 53.5416 30.0455 -.041 58.9677
4 16 30.0455 -.041 58.9677 20.4511 -.041 62.9419 21.3593 -1.303 65.737 31.3798 -1.303 61.5864
4 16 20.4511 -.041 62.9419 10.353 -.041 65.3662 10.8128 -1.303 68.269 21.3593 -1.303 65.737
4 16 0 -1.303 69.12 10.8128 -1.303 68.269 10.353 -.041 65.3662 0 -.041 66.181
3 16 9.462 -24.776 0 9.736 -24.84 2 10.997 -23.606 2
3 16 10.997 -23.606 2 10.48 -23.503 0 9.462 -24.776 0
3 16 9.462 -24.776 0 0 -25 2 9.736 -24.84 2
3 16 0 -25 0 0 -25 2 9.462 -24.776 0
3 16 10.858 -21.928 1.113 10.48 -23.503 0 10.997 -23.606 2
3 16 10.997 -23.606 2 11.371 -21.855 2 10.858 -21.928 1.113
3 16 10.682 -21.943 0 10.48 -23.503 0 10.858 -21.928 1.113
4 16 62.175 -16 4.431 62.956 -16 0 59.928 -16 0 59.239 -16 3.827
4 16 59.925 -16 8.328 62.175 -16 4.431 59.239 -16 3.827 57.071 -16 7.071
4 16 57.071 -16 7.071 53.827 -16 9.239 56.478 -16 11.22 59.925 -16 8.328
4 16 53.827 -16 9.239 50 -16 10 52.25 -16 12.759 56.478 -16 11.22
4 16 52.25 -16 12.759 50 -16 10 46.173 -16 9.239 47.75 -16 12.759
3 16 43.522 -16 11.22 47.75 -16 12.759 46.173 -16 9.239
4 16 40.075 -16 8.328 43.522 -16 11.22 46.173 -16 9.239 42.929 -16 7.071
4 16 37.825 -16 4.431 40.075 -16 8.328 42.929 -16 7.071 40.761 -16 3.827
4 16 40.3977 -16 2 37.418 -16 2 37.825 -16 4.431 40.761 -16 3.827
4 16 62.956 -16 0 62.175 -16 4.431 62.175 -24.178 4.431 62.956 -23.266 0
4 16 59.925 -28.18 8.328 62.175 -24.178 4.431 62.175 -16 4.431 59.925 -16 8.328
4 16 56.478 -31.597 11.22 59.925 -28.18 8.328 59.925 -16 8.328 56.478 -16 11.22
4 16 52.25 -35.256 12.759 56.478 -31.597 11.22 56.478 -16 11.22 52.25 -16 12.759
4 16 52.25 -16 12.759 47.75 -16 12.759 47.75 -35.482 12.759 52.25 -35.256 12.759
4 16 43.522 -16 11.22 43.522 -35.086 11.22 47.75 -35.482 12.759 47.75 -16 12.759
4 16 40.075 -16 8.328 40.075 -34.73 8.328 43.522 -35.086 11.22 43.522 -16 11.22
4 16 37.825 -16 4.431 37.825 -34.506 4.431 40.075 -34.73 8.328 40.075 -16 8.328
4 16 37.825 -34.506 4.431 37.825 -16 4.431 37.418 -16 2 37.42 -34.474 2
3 16 40.3977 -16 2 40.3977 -.41 2 37.418 -16 2
4 16 15.961 -.25 2 17.109 -1.942 2 37.418 -16 2 40.3977 -.41 2
4 16 24.908 -33.777 2 37.418 -16 2 17.109 -1.942 2 17.083 -33.638 2
3 16 37.42 -34.474 2 37.418 -16 2 24.908 -33.777 2
3 16 11.295 -4.892 1.824 12.446 -3.1265 2.535 11.284 -4.56 1.302
3 16 11.284 -4.56 1.302 12.446 -3.1265 2.535 12.5225 -2.679 1.865
3 16 10.859 -6.378 1.113 11.295 -4.892 1.824 11.284 -4.56 1.302
3 16 43.522 -35.086 11.22 39.549 -34.835 12.85 47.75 -35.482 12.759
3 16 50.7579 -35.818 16.4922 52.25 -35.256 12.759 47.75 -35.482 12.759
3 16 40.075 -34.73 8.328 39.549 -34.835 12.85 43.522 -35.086 11.22
4 16 39.549 -34.835 12.85 40.075 -34.73 8.328 37.825 -34.506 4.431 23.887 -33.872 8.041
4 16 23.887 -33.872 8.041 37.825 -34.506 4.431 37.42 -34.474 2 24.564 -33.86 3.705
3 16 24.908 -33.777 2 24.564 -33.86 3.705 37.42 -34.474 2
4 16 20.1422 -33.853 14.5916 33.2942 -34.785 23.7383 39.549 -34.835 12.85 23.887 -33.872 8.041
3 16 17.083 -33.638 2 24.564 -33.86 3.705 24.908 -33.777 2
4 16 23.887 -33.872 8.041 24.564 -33.86 3.705 17.083 -33.638 2 15.8845 -33.617 3.168
4 16 14.273 -33.589 3.602 13.881 -33.605 5.411 23.887 -33.872 8.041 15.8845 -33.617 3.168
4 16 11.9283 -33.604 9.429 20.1422 -33.853 14.5916 23.887 -33.872 8.041 13.881 -33.605 5.411
3 16 13.881 -33.605 5.411 14.273 -33.589 3.602 12.661 -33.558 3.169
4 16 11.9283 -33.604 9.429 13.881 -33.605 5.411 12.661 -33.558 3.169 0 -33.346 2
4 16 33.2942 -34.785 23.7383 20.1422 -33.853 14.5916 14.7068 -33.851 20.1139 24.2619 -34.776 32.7883
4 16 8.7019 -33.604 12.72 14.7068 -33.851 20.1139 20.1422 -33.853 14.5916 11.9283 -33.604 9.429
3 16 0 -33.346 2 8.7019 -33.604 12.72 11.9283 -33.604 9.429
3 16 0 -33.346 2 4.616 -33.604 14.8552 8.7019 -33.604 12.72
4 16 14.7068 -33.851 20.1139 8.7019 -33.604 12.72 4.616 -33.604 14.8552 7.8478 -33.853 23.7152
3 16 0 -33.346 2 0 -33.605 15.6198 4.616 -33.604 14.8552
4 16 24.2619 -34.776 32.7883 14.7068 -33.851 20.1139 7.8478 -33.853 23.7152 12.9423 -34.776 38.681
4 16 7.8478 -33.853 23.7152 4.616 -33.604 14.8552 0 -33.605 15.6198 0 -33.853 25.0069
4 16 12.9423 -34.776 38.681 7.8478 -33.853 23.7152 0 -33.853 25.0069 0 -34.776 40.7872
4 16 12.9423 -34.776 38.681 24.2295 -35.818 47.553 31.3701 -35.818 43.1772 24.2619 -34.776 32.7883
3 16 37.7383 -35.818 37.7383 24.2619 -34.776 32.7883 31.3701 -35.818 43.1772
4 16 43.1772 -35.818 31.3701 33.2942 -34.785 23.7383 24.2619 -34.776 32.7883 37.7383 -35.818 37.7383
4 16 43.1772 -35.818 31.3701 47.553 -35.818 24.2295 39.549 -34.835 12.85 33.2942 -34.785 23.7383
4 16 47.75 -35.482 12.759 39.549 -34.835 12.85 47.553 -35.818 24.2295 50.7579 -35.818 16.4922
3 16 24.2295 -35.818 47.553 12.9423 -34.776 38.681 16.4922 -35.818 50.7579
3 16 16.4922 -35.818 50.7579 12.9423 -34.776 38.681 8.3489 -35.818 52.7129
4 16 0 -35.818 53.37 8.3489 -35.818 52.7129 12.9423 -34.776 38.681 0 -34.776 40.7872
3 16 11.451 -33.53 2 0 -33.346 2 12.661 -33.558 3.169
4 16 43.098 -19.769 2.2962 42.4566 -18 2.2962 41.011 -18 2.2962 40.776 -23.5 2.2962
3 16 40.776 -23.5 2.2962 44.292 -20.25 2.2962 43.098 -19.769 2.2962
4 16 59.096 -23.5 2.2962 55.708 -20.25 2.2962 44.292 -20.25 2.2962 40.776 -23.5 2.2962
3 16 59.096 -23.5 2.2962 56.902 -19.769 2.2962 55.708 -20.25 2.2962
4 16 56.902 -19.769 2.2962 59.096 -23.5 2.2962 58.868 -18 2.2962 57.5434 -18 2.2962
3 16 41.238 -18 3.158 40.776 -23.5 2.2962 41.011 -18 2.2962
4 16 68.6374 -9.988 10.8711 68.269 -1.303 10.8128 65.737 -1.303 21.3593 66.0918 -9.988 21.4745
4 16 69.493 -9.988 0 69.12 -1.303 0 68.269 -1.303 10.8128 68.6374 -9.988 10.8711
4 16 66.0918 -9.988 21.4745 65.737 -1.303 21.3593 61.5864 -1.303 31.3798 61.9187 -9.988 31.5492
4 16 61.9187 -9.988 31.5492 61.5864 -1.303 31.3798 55.9193 -1.303 40.6277 56.221 -9.988 40.847
4 16 56.221 -9.988 40.847 55.9193 -1.303 40.6277 48.8752 -1.303 48.8752 49.139 -9.988 49.139
4 16 49.139 -9.988 49.139 48.8752 -1.303 48.8752 40.6277 -1.303 55.9193 40.847 -9.988 56.221
4 16 40.847 -9.988 56.221 40.6277 -1.303 55.9193 31.3798 -1.303 61.5864 31.5492 -9.988 61.9187
4 16 21.3593 -1.303 65.737 21.4745 -9.988 66.0918 31.5492 -9.988 61.9187 31.3798 -1.303 61.5864
4 16 21.4745 -9.988 66.0918 21.3593 -1.303 65.737 10.8128 -1.303 68.269 10.8711 -9.988 68.6374
4 16 10.8128 -1.303 68.269 0 -1.303 69.12 0 -9.988 69.493 10.8711 -9.988 68.6374
4 16 59.0292 -9.988 30.0769 58.9677 -.041 30.0455 62.9419 -.041 20.4511 63.0075 -9.988 20.4724
4 16 53.5974 -9.988 38.9408 53.5416 -.041 38.9002 58.9677 -.041 30.0455 59.0292 -9.988 30.0769
4 16 46.8458 -9.988 46.8458 46.797 -.041 46.797 53.5416 -.041 38.9002 53.5974 -9.988 38.9408
4 16 46.797 -.041 46.797 46.8458 -9.988 46.8458 38.9408 -9.988 53.5974 38.9002 -.041 53.5416
4 16 30.0769 -9.988 59.0292 30.0455 -.041 58.9677 38.9002 -.041 53.5416 38.9408 -9.988 53.5974
4 16 20.4724 -9.988 63.0075 20.4511 -.041 62.9419 30.0455 -.041 58.9677 30.0769 -9.988 59.0292
4 16 10.3638 -9.988 65.4344 10.353 -.041 65.3662 20.4511 -.041 62.9419 20.4724 -9.988 63.0075
4 16 0 -9.988 66.25 0 -.041 66.181 10.353 -.041 65.3662 10.3638 -9.988 65.4344
4 16 11.451 -33.53 2 9.736 -24.84 2 0 -25 2 0 -33.346 2
3 16 9.736 -24.84 2 11.451 -33.53 2 10.997 -23.606 2
3 16 11.371 -21.855 2 10.997 -23.606 2 11.451 -33.53 2
3 16 44.015 -38.829 10.291 41.308 -38.571 7.909 44.7 -38.385 9.059
4 16 44.015 -38.829 10.291 44.7 -38.385 9.059 48.021 -38.703 10.269 47.673 -39.17 11.606
3 16 39.553 -37.79 0 40.18 -37.977 3.886 38.133 -38.292 0
3 16 38.133 -38.292 0 40.18 -37.977 3.886 38.798 -38.357 4.563
3 16 40.18 -37.977 3.886 42.175 -38.061 6.933 38.798 -38.357 4.563
3 16 38.798 -38.357 4.563 42.175 -38.061 6.933 41.308 -38.571 7.909
3 16 44.7 -38.385 9.059 41.308 -38.571 7.909 42.175 -38.061 6.933
3 16 47.673 -39.17 11.606 48.021 -38.703 10.269 52.53 -39.271 11.569
3 16 52.53 -39.271 11.569 48.021 -38.703 10.269 52.324 -38.914 9.978
2 24 44.2743 -39.719 32.1671 48.7612 -39.719 24.8451
2 24 38.6971 -39.719 38.6971 44.2743 -39.719 32.1671
2 24 32.1671 -39.719 44.2743 38.6971 -39.719 38.6971
2 24 24.8451 -39.719 48.7612 32.1671 -39.719 44.2743
2 24 16.9113 -39.719 52.0475 24.8451 -39.719 48.7612
2 24 8.561 -39.719 54.0522 16.9113 -39.719 52.0475
2 24 0 -39.719 54.726 8.561 -39.719 54.0522
2 24 48.7612 -39.719 24.8451 52.0475 -39.719 16.9113
2 24 55.454 -37.081 9.009 58.553 -33.788 6.214
2 24 52.0475 -39.719 16.9113 52.53 -39.271 11.569
2 24 52.53 -39.271 11.569 52.324 -38.914 9.978
2 24 52.324 -38.914 9.978 55.454 -37.081 9.009
2 24 58.553 -33.788 6.214 60.429 -31.634 2.783
2 24 60.429 -31.634 2.783 60.766 -31.331 0
2 24 15.961 -.25 0 15.961 -.25 2
2 24 15.961 -.25 2 40.3977 -.41 2
2 24 17.109 -1.942 2 15.961 -.25 2
2 24 17.083 -33.638 2 17.109 -1.942 2
2 24 15.8845 -33.617 3.168 17.083 -33.638 2
2 24 14.273 -33.589 3.602 15.8845 -33.617 3.168
2 24 12.661 -33.558 3.169 14.273 -33.589 3.602
2 24 11.371 -21.855 2 11.451 -33.53 2
2 24 11.451 -33.53 2 12.661 -33.558 3.169
2 24 10.858 -21.928 1.113 11.371 -21.855 2
2 24 10.682 -21.943 0 10.858 -21.928 1.113
2 24 62.956 -23.266 0 62.175 -24.178 4.431
2 24 62.175 -24.178 4.431 59.925 -28.18 8.328
2 24 59.925 -28.18 8.328 56.478 -31.597 11.22
2 24 56.478 -31.597 11.22 52.25 -35.256 12.759
2 24 52.25 -35.256 12.759 50.7579 -35.818 16.4922
2 24 50.7579 -35.818 16.4922 47.553 -35.818 24.2295
2 24 47.553 -35.818 24.2295 43.1772 -35.818 31.3701
2 24 43.1772 -35.818 31.3701 37.7383 -35.818 37.7383
2 24 37.7383 -35.818 37.7383 31.3701 -35.818 43.1772
2 24 31.3701 -35.818 43.1772 24.2295 -35.818 47.553
2 24 24.2295 -35.818 47.553 16.4922 -35.818 50.7579
2 24 16.4922 -35.818 50.7579 8.3489 -35.818 52.7129
2 24 8.3489 -35.818 52.7129 0 -35.818 53.37
2 24 59.43 -23.5 0 59.096 -23.5 2.2962
2 24 40.776 -23.5 2.2962 40.445 -23.5 0
2 24 59.096 -23.5 2.2962 40.776 -23.5 2.2962
2 24 58.637 -18 3.158 58.868 -18 2.2962
2 24 58.868 -18 2.2962 59.096 -23.5 2.2962
2 24 57.029 -18 5.943 58.637 -18 3.158
2 24 54.566 -18 8.009 57.029 -18 5.943
2 24 51.545 -18 9.109 54.566 -18 8.009
2 24 48.33 -18 9.109 51.545 -18 9.109
2 24 45.309 -18 8.009 48.33 -18 9.109
2 24 42.846 -18 5.943 45.309 -18 8.009
2 24 41.238 -18 3.158 42.846 -18 5.943
2 24 40.18 -37.977 3.886 39.553 -37.79 0
2 24 42.175 -38.061 6.933 40.18 -37.977 3.886
2 24 44.7 -38.385 9.059 42.175 -38.061 6.933
2 24 48.021 -38.703 10.269 44.7 -38.385 9.059
2 24 52.324 -38.914 9.978 48.021 -38.703 10.269
2 24 56.902 -19.769 2.2962 57.5434 -18 2.2962
2 24 55.708 -20.25 2.2962 56.902 -19.769 2.2962
2 24 44.292 -20.25 2.2962 55.708 -20.25 2.2962
2 24 43.098 -19.769 2.2962 44.292 -20.25 2.2962
2 24 42.4566 -18 2.2962 43.098 -19.769 2.2962
2 24 66.181 -.041 0 65.3662 -.041 10.353
2 24 68.269 -1.303 10.8128 69.12 -1.303 0
2 24 65.737 -1.303 21.3593 68.269 -1.303 10.8128
2 24 65.3662 -.041 10.353 62.9419 -.041 20.4511
2 24 61.5864 -1.303 31.3798 65.737 -1.303 21.3593
2 24 62.9419 -.041 20.4511 58.9677 -.041 30.0455
2 24 58.9677 -.041 30.0455 53.5416 -.041 38.9002
2 24 55.9193 -1.303 40.6277 61.5864 -1.303 31.3798
2 24 53.5416 -.041 38.9002 46.797 -.041 46.797
2 24 48.8752 -1.303 48.8752 55.9193 -1.303 40.6277
2 24 46.797 -.041 46.797 38.9002 -.041 53.5416
2 24 40.6277 -1.303 55.9193 48.8752 -1.303 48.8752
2 24 38.9002 -.041 53.5416 30.0455 -.041 58.9677
2 24 31.3798 -1.303 61.5864 40.6277 -1.303 55.9193
2 24 30.0455 -.041 58.9677 20.4511 -.041 62.9419
2 24 21.3593 -1.303 65.737 31.3798 -1.303 61.5864
2 24 20.4511 -.041 62.9419 10.353 -.041 65.3662
2 24 10.8128 -1.303 68.269 21.3593 -1.303 65.737
2 24 10.353 -.041 65.3662 0 -.041 66.181
2 24 0 -1.303 69.12 10.8128 -1.303 68.269
2 24 9.736 -24.84 2 10.997 -23.606 2
2 24 0 -25 2 9.736 -24.84 2
2 24 10.997 -23.606 2 11.371 -21.855 2
2 24 62.175 -16 4.431 62.956 -16 0
2 24 59.925 -16 8.328 62.175 -16 4.431
2 24 56.478 -16 11.22 59.925 -16 8.328
2 24 52.25 -16 12.759 56.478 -16 11.22
2 24 47.75 -16 12.759 52.25 -16 12.759
2 24 43.522 -16 11.22 47.75 -16 12.759
2 24 40.075 -16 8.328 43.522 -16 11.22
2 24 37.825 -16 4.431 40.075 -16 8.328
2 24 37.418 -16 2 37.825 -16 4.431
2 24 40.3977 -16 2 37.418 -16 2
2 24 47.75 -35.482 12.759 52.25 -35.256 12.759
2 24 43.522 -35.086 11.22 47.75 -35.482 12.759
2 24 40.075 -34.73 8.328 43.522 -35.086 11.22
2 24 37.825 -34.506 4.431 40.075 -34.73 8.328
2 24 37.42 -34.474 2 37.825 -34.506 4.431
2 24 37.418 -16 2 37.42 -34.474 2
2 24 17.083 -33.638 2 24.908 -33.777 2
2 24 24.908 -33.777 2 37.42 -34.474 2
2 24 11.451 -33.53 2 0 -33.346 2
2 24 42.4566 -18 2.2962 41.011 -18 2.2962
2 24 41.011 -18 2.2962 40.776 -23.5 2.2962
2 24 58.868 -18 2.2962 57.5434 -18 2.2962
2 24 41.238 -18 3.158 41.011 -18 2.2962

1 16 50 0 0 10 0 0 0 -16 0 0 0 10 7-16cylo.dat
1 16 50 0 0 10 0 0 0 -1 0 0 0 10 1-16chrd.dat

0 BFC INVERTNEXT
1 16 50 -2 0 0 0 6 0 -16 0 6 0 0 3-16cylo.dat
0 BFC INVERTNEXT
1 16 50 -2 0 0 0 -6 0 -16 0 6 0 0 3-16cylo.dat
1 16 50 -2 0 0 0 2 0 -1 0 2 0 0 3-16ring3.dat
1 16 50 -2 0 0 0 -2 0 -1 0 2 0 0 3-16ring3.dat
1 16 50 -18 0 0 0 6 0 1 0 6 0 0 3-16tndis.dat
1 16 50 -18 0 0 0 -6 0 1 0 6 0 0 3-16tndis.dat
4 16 42.4566 -2 2.2962 42.4566 -18 2.2962 42 -18 0 42 0 0
2 24 42.4566 -18 2.2962 42.4566 -2 2.2962
2 24 42.4566 -2 2.2962 44.4566 -2 2.2962
2 24 42.4566 -18 2.2962 44.4566 -18 2.2962
4 16 44.4566 -18 2.2962 42.4566 -18 2.2962 42.4566 -2 2.2962 44.4566 -2 2.2962
3 16 42.4566 -2 2.2962 42.6088 -2 3.0616 44.4566 -2 2.2962
2 24 44.4566 -18 2.2962 44.4566 -2 2.2962
2 24 42.6088 0 3.0616 42 0 0
0 BFC INVERTNEXT
1 16 50 0 0 0 0 -8 0 -2 0 8 0 0 3-16cylo.dat
2 24 42.4566 -2 2.2962 42.6088 -2 3.0616
4 16 42.6088 -2 3.0616 42.4566 -2 2.2962 42 0 0 42.6088 0 3.0616
4 16 58 -18 0 57.5434 -18 2.2962 57.5434 -2 2.2962 58 0 0
2 24 57.5434 -2 2.2962 57.5434 -18 2.2962
2 24 55.5434 -2 2.2962 57.5434 -2 2.2962
2 24 55.5434 -18 2.2962 57.5434 -18 2.2962
4 16 57.5434 -2 2.2962 57.5434 -18 2.2962 55.5434 -18 2.2962 55.5434 -2 2.2962
3 16 57.3912 -2 3.0616 57.5434 -2 2.2962 55.5434 -2 2.2962
2 24 55.5434 -2 2.2962 55.5434 -18 2.2962
2 24 58 0 0 57.3912 0 3.0616
0 BFC INVERTNEXT
1 16 50 0 0 0 0 8 0 -2 0 8 0 0 3-16cylo.dat
2 24 57.3912 -2 3.0616 57.5434 -2 2.2962
4 16 58 0 0 57.5434 -2 2.2962 57.3912 -2 3.0616 57.3912 0 3.0616

2 24 40.3977 -.41 2 40.3977 -16 2
2 24 40 -.41 0 40.3977 -.41 2
2 24 40.3977 -16 2 40.761 -16 3.827
4 16 40.761 0 3.827 40.3977 -.41 2 40.3977 -16 2 40.761 -16 3.827
5 24 40.761 -16 3.827 40.761 0 3.827 40.3977 -.41 2 42.929 0 7.071
1 16 50 0 0 0 0 2 0 -1 0 2 0 0 3-16ring4.dat
1 16 50 0 0 0 0 -2 0 -1 0 2 0 0 3-16ring4.dat
2 24 40.761 0 3.827 40 0 0
4 16 40 0 0 40 -.41 0 40.3977 -.41 2 40.761 0 3.827
4 16 42 0 0 40 0 0 40.761 0 3.827 42.6088 0 3.0616
4 16 60 0 0 58 0 0 57.3912 0 3.0616 59.239 0 3.827
4 16 41.238 -18 3.158 41.011 -18 2.2962 42.4566 -18 2.2962 42.846 -18 5.943
4 16 42.846 -18 5.943 42.4566 -18 2.2962 44.4566 -18 2.2962 44.4566 -18 6
4 16 45.309 -18 8.009 42.846 -18 5.943 44.4566 -18 6 48.33 -18 9.109
4 16 50 -18 6 51.545 -18 9.109 48.33 -18 9.109 44.4566 -18 6
4 16 54.566 -18 8.009 51.545 -18 9.109 50 -18 6 55.5434 -18 6
4 16 57.029 -18 5.943 54.566 -18 8.009 55.5434 -18 6 58.637 -18 3.158
4 16 55.5434 -18 2.2962 58.868 -18 2.2962 58.637 -18 3.158 55.5434 -18 6
3 16 43.098 -19.769 0 42 -18 0 43.098 -19.769 2.2962
3 16 42.4566 -18 2.2962 43.098 -19.769 2.2962 42 -18 0
3 16 43.098 -19.769 2.2962 44.292 -20.25 2.2962 43.098 -19.769 0
4 16 63.0075 -9.988 20.4724 62.9419 -.041 20.4511 65.3662 -.041 10.353 65.4344 -9.988 10.3638
4 16 65.4344 -9.988 10.3638 65.3662 -.041 10.353 66.181 -.041 0 66.25 -9.988 0

5 24 38.07 -38.653 19.398 34.567 -38.653 25.114 15.772 -37.492 11.459 48.7612 -39.719 24.8451
5 24 15.772 -37.492 11.459 38.07 -38.653 19.398 17.9305 -37.49 7.4295 34.567 -38.653 25.114
5 24 34.567 -38.653 25.114 15.772 -37.492 11.459 30.213 -38.653 30.213 38.07 -38.653 19.398
5 24 12.446 -3.1265 2.535 13.972 -1.883 2.986 14.273 -3.089 3.595 12.5225 -2.679 1.865
5 24 57.358 -32.169 6.364 54.517 -35.692 8.785 58.553 -33.788 6.214 54.566 -18 8.009
5 24 53.4399 -34.828 27.229 48.5224 -34.828 35.2536 57.4548 -28.124 29.2747 44.2743 -39.719 32.1671
5 24 53.4399 -34.828 27.229 57.4548 -28.124 29.2747 57.0415 -34.828 18.5339 52.1678 -28.124 37.9022
5 24 23.887 -33.872 8.041 20.1422 -33.853 14.5916 33.2942 -34.785 23.7383 13.881 -33.605 5.411
5 24 19.398 -38.653 38.07 8.851 -37.492 17.371 13.203 -38.653 40.636 12.6225 -37.492 14.779
5 24 37.825 -34.506 4.431 37.825 -16 4.431 40.075 -34.73 8.328 37.418 -16 2
5 24 47.75 -35.482 12.759 50.7579 -35.818 16.4922 52.25 -35.256 12.759 39.549 -34.835 12.85
5 24 6.684 -38.653 42.201 0 -38.653 42.727 8.561 -39.719 54.0522 0 -37.492 19.496
5 24 10.8711 -9.988 68.6374 0 -9.988 69.493 0 -19.811 68.384 10.8128 -1.303 68.269
5 24 51.545 -18 9.109 54.517 -35.692 8.785 51.682 -37.674 9.825 54.566 -18 8.009
5 24 62.175 -24.178 4.431 62.175 -16 4.431 62.956 -23.266 0 59.925 -16 8.328
5 24 20.4511 -.041 62.9419 20.4724 -9.988 63.0075 30.0455 -.041 58.9677 10.3638 -9.988 65.4344
5 24 57.0415 -34.828 18.5339 53.4399 -34.828 27.229 48.7612 -39.719 24.8451 61.327 -28.124 19.9263
5 24 61.9187 -9.988 31.5492 61.5864 -1.303 31.3798 66.0918 -9.988 21.4745 55.9193 -1.303 40.6277
5 24 24.2619 -34.776 32.7883 12.9423 -34.776 38.681 14.7068 -33.851 20.1139 24.2295 -35.818 47.553
5 24 58.9677 -.041 30.0455 59.0292 -9.988 30.0769 62.9419 -.041 20.4511 53.5974 -9.988 38.9408
5 24 10.0664 -20.448 63.5568 9.3725 -29.522 59.1754 19.8849 -20.448 61.1995 0 -29.522 59.913
5 24 40.1951 -19.811 55.3238 40.847 -9.988 56.221 31.5492 -9.988 61.9187 48.3548 -19.811 48.3548
5 24 63.0075 -9.988 20.4724 65.4344 -9.988 10.3638 63.5568 -20.448 10.0664 62.9419 -.041 20.4511
5 24 41.436 -38.703 13.463 17.9305 -37.49 7.4295 34.5014 -38.1785 5.1532 38.07 -38.653 19.398
5 24 62.336 -31.009 3.908 63.028 -30.139 0 60.429 -31.634 2.783 64.483 -28.124 0
5 24 66.0918 -9.988 21.4745 61.9187 -9.988 31.5492 65.737 -1.303 21.3593 60.9306 -19.811 31.0457
5 24 20.1422 -33.853 14.5916 11.9283 -33.604 9.429 8.7019 -33.604 12.72 23.887 -33.872 8.041
5 24 33.2942 -34.785 23.7383 43.1772 -35.818 31.3701 24.2619 -34.776 32.7883 47.553 -35.818 24.2295
5 24 42.846 -18 5.943 42.466 -36.818 6.54 45.309 -18 8.009 40.679 -36.675 3.603
5 24 24.2295 -35.818 47.553 27.1999 -29.522 53.3829 35.216 -29.522 48.4706 16.4922 -35.818 50.7579
5 24 15.772 -37.492 11.459 0 -37.072 0 12.6225 -37.492 14.779 17.9305 -37.49 7.4295
5 24 16.4922 -35.818 50.7579 12.9423 -34.776 38.681 8.3489 -35.818 52.7129 24.2295 -35.818 47.553
5 24 31.3798 -1.303 61.5864 30.0455 -.041 58.9677 40.6277 -1.303 55.9193 20.4511 -.041 62.9419
5 24 27.1999 -29.522 53.3829 18.5141 -29.522 56.9806 24.2295 -35.818 47.553 19.8849 -20.448 61.1995
5 24 13.881 -33.605 5.411 14.273 -33.589 3.602 12.661 -33.558 3.169 23.887 -33.872 8.041
5 24 63.5568 -20.448 10.0664 64.349 -20.448 0 62.956 -23.266 0 65.4344 -9.988 10.3638
5 24 41.308 -38.571 7.909 44.015 -38.829 10.291 41.436 -38.703 13.463 44.7 -38.385 9.059
5 24 30.0769 -9.988 59.0292 38.9408 -9.988 53.5974 37.8234 -20.448 52.0594 30.0455 -.041 58.9677
5 24 35.216 -29.522 48.4706 31.3701 -35.818 43.1772 42.3649 -29.522 42.3649 24.2295 -35.818 47.553
5 24 52.53 -39.271 11.569 56.375 -37.505 10.697 52.324 -38.914 9.978 52.0475 -39.719 16.9113
5 24 10.0664 -20.448 63.5568 19.8849 -20.448 61.1995 18.5141 -29.522 56.9806 10.3638 -9.988 65.4344
5 24 31.5492 -9.988 61.9187 21.4745 -9.988 66.0918 21.1318 -19.811 65.037 31.3798 -1.303 61.5864
5 24 19.9263 -28.124 61.327 18.5339 -34.828 57.0415 10.0874 -28.124 63.6891 27.229 -34.828 53.4399
5 24 31.5492 -9.988 61.9187 31.3798 -1.303 61.5864 21.3593 -1.303 65.737 40.847 -9.988 56.221
5 24 57.0415 -34.828 18.5339 52.0475 -39.719 16.9113 53.4399 -34.828 27.229 56.375 -37.505 10.697
5 24 13.983 -1.383 2.03 12.5225 -2.679 1.865 14.037 -1.432 0 13.972 -1.883 2.986
5 24 44.7 -38.385 9.059 41.308 -38.571 7.909 42.175 -38.061 6.933 44.015 -38.829 10.291
5 24 0 -37.072 0 8.851 -37.492 17.371 12.6225 -37.492 14.779 4.5375 -37.492 18.899
5 24 0 -25 2 9.462 -24.776 0 9.736 -24.84 2 0 -25 0
5 24 48.5224 -34.828 35.2536 44.2743 -39.719 32.1671 42.4101 -34.828 42.4101 48.7612 -39.719 24.8451
5 24 10.3638 -9.988 65.4344 10.0664 -20.448 63.5568 0 -20.448 64.349 20.4724 -9.988 63.0075
5 24 41.238 -18 3.158 40.679 -36.675 3.603 42.846 -18 5.943 40.776 -23.5 2.2962
5 24 30.0455 -.041 58.9677 30.0769 -9.988 59.0292 38.9002 -.041 53.5416 20.4724 -9.988 63.0075
5 24 48.3548 -19.811 48.3548 49.139 -9.988 49.139 55.3238 -19.811 40.1951 40.847 -9.988 56.221
5 24 10.353 -.041 65.3662 10.3638 -9.988 65.4344 20.4511 -.041 62.9419 0 -9.988 66.25
5 24 17.9305 -37.49 7.4295 34.5014 -38.1785 5.1532 19.202 -37.488 3.041 41.308 -38.571 7.909
5 24 60.9306 -19.811 31.0457 65.037 -19.811 21.1318 66.0918 -9.988 21.4745 57.4548 -28.124 29.2747
5 24 18.5141 -29.522 56.9806 19.8849 -20.448 61.1995 9.3725 -29.522 59.1754 29.2138 -20.448 57.3354
5 24 0 -37.072 0 17.9305 -37.49 7.4295 15.772 -37.492 11.459 19.202 -37.488 3.041
5 24 17.9305 -37.49 7.4295 15.772 -37.492 11.459 0 -37.072 0 41.436 -38.703 13.463
5 24 0 -33.605 15.6198 4.616 -33.604 14.8552 0 -33.853 25.0069 0 -33.346 2
5 24 0 -37.072 0 12.6225 -37.492 14.779 8.851 -37.492 17.371 15.772 -37.492 11.459
5 24 57.5434 -18 2.2962 58 -18 0 57.5434 -2 2.2962 56.902 -19.769 2.2962
5 24 68.269 -1.303 10.8128 68.6374 -9.988 10.8711 65.737 -1.303 21.3593 69.493 -9.988 0
5 24 10.0874 -28.124 63.6891 19.9263 -28.124 61.327 9.3825 -34.828 59.2386 21.1318 -19.811 65.037
5 24 19.8849 -20.448 61.1995 29.2138 -20.448 57.3354 27.1999 -29.522 53.3829 20.4724 -9.988 63.0075
5 24 45.309 -18 8.009 44.999 -37.135 8.637 48.33 -18 9.109 42.466 -36.818 6.54
5 24 65.4344 -9.988 10.3638 65.3662 -.041 10.353 63.0075 -9.988 20.4724 66.181 -.041 0
5 24 7.8478 -33.853 23.7152 0 -33.853 25.0069 4.616 -33.604 14.8552 0 -34.776 40.7872
5 24 38.9408 -9.988 53.5974 46.8458 -9.988 46.8458 45.5016 -20.448 45.5016 38.9002 -.041 53.5416
5 24 10.8711 -9.988 68.6374 10.8128 -1.303 68.269 0 -1.303 69.12 21.4745 -9.988 66.0918
5 24 7.8478 -33.853 23.7152 14.7068 -33.851 20.1139 8.7019 -33.604 12.72 12.9423 -34.776 38.681
5 24 46.8458 -9.988 46.8458 46.797 -.041 46.797 53.5416 -.041 38.9002 38.9408 -9.988 53.5974
5 24 18.5141 -29.522 56.9806 16.4922 -35.818 50.7579 8.3489 -35.818 52.7129 27.1999 -29.522 53.3829
5 24 0 -28.124 64.483 10.0874 -28.124 63.6891 0 -34.828 59.977 10.6976 -19.811 67.5421
5 24 63.6891 -28.124 10.0874 62.336 -31.009 3.908 59.901 -33.749 7.717 64.483 -28.124 0
5 24 62.336 -31.009 3.908 64.483 -28.124 0 63.028 -30.139 0 63.6891 -28.124 10.0874
5 24 57.4548 -28.124 29.2747 60.9306 -19.811 31.0457 55.3238 -19.811 40.1951 61.327 -28.124 19.9263
5 24 6.684 -38.653 42.201 8.561 -39.719 54.0522 13.203 -38.653 40.636 0 -39.719 54.726
5 24 10.3638 -9.988 65.4344 20.4724 -9.988 63.0075 10.353 -.041 65.3662 19.8849 -20.448 61.1995
5 24 8.851 -37.492 17.371 4.5375 -37.492 18.899 19.398 -38.653 38.07 0 -37.072 0
5 24 47.75 -35.482 12.759 47.75 -16 12.759 43.522 -16 11.22 52.25 -35.256 12.759
5 24 55.3238 -19.811 40.1951 52.1678 -28.124 37.9022 48.3548 -19.811 48.3548 57.4548 -28.124 29.2747
5 24 27.229 -34.828 53.4399 29.2747 -28.124 57.4548 35.2536 -34.828 48.5224 19.9263 -28.124 61.327
5 24 68.269 -1.303 10.8128 65.3662 -.041 10.353 62.9419 -.041 20.4511 69.12 -1.303 0
5 24 54.566 -18 8.009 57.358 -32.169 6.364 57.029 -18 5.943 54.517 -35.692 8.785
5 24 39.553 -37.79 0 40.679 -36.675 3.603 40.018 -36.422 0 40.18 -37.977 3.886
5 24 8.7019 -33.604 12.72 11.9283 -33.604 9.429 14.7068 -33.851 20.1139 0 -33.346 2
5 24 11.9283 -33.604 9.429 0 -33.346 2 8.7019 -33.604 12.72 13.881 -33.605 5.411
5 24 48.7612 -39.719 24.8451 53.4399 -34.828 27.229 52.0475 -39.719 16.9113 48.5224 -34.828 35.2536
5 24 18.5339 -34.828 57.0415 9.3825 -34.828 59.2386 19.9263 -28.124 61.327 8.561 -39.719 54.0522
5 24 43.522 -35.086 11.22 39.549 -34.835 12.85 47.75 -35.482 12.759 40.075 -34.73 8.328
5 24 30.213 -38.653 30.213 25.114 -38.653 34.567 12.6225 -37.492 14.779 38.6971 -39.719 38.6971
5 24 4.5375 -37.492 18.899 0 -37.492 19.496 6.684 -38.653 42.201 0 -37.072 0
5 24 42 -18 0 42.4566 -18 2.2962 43.098 -19.769 2.2962 42 0 0
5 24 59.0292 -9.988 30.0769 63.0075 -9.988 20.4724 58.9677 -.041 30.0455 61.1995 -20.448 19.8849
5 24 29.2747 -28.124 57.4548 31.0457 -19.811 60.9306 37.9022 -28.124 52.1678 21.1318 -19.811 65.037
5 24 11.295 -4.892 1.824 10.859 -6.378 1.113 11.284 -4.56 1.302 11.367 -5.468 2.111
5 24 13.881 -33.605 5.411 23.887 -33.872 8.041 11.9283 -33.604 9.429 15.8845 -33.617 3.168
5 24 59.901 -33.749 7.717 58.553 -33.788 6.214 62.336 -31.009 3.908 55.454 -37.081 9.009
5 24 67.5421 -19.811 10.6976 68.6374 -9.988 10.8711 68.384 -19.811 0 66.0918 -9.988 21.4745
5 24 48.249 -37.404 9.813 44.999 -37.135 8.637 45.309 -18 8.009 48.021 -38.703 10.269
5 24 69.493 -9.988 0 68.6374 -9.988 10.8711 69.12 -1.303 0 67.5421 -19.811 10.6976
5 24 38.07 -38.653 19.398 48.7612 -39.719 24.8451 41.436 -38.703 13.463 44.2743 -39.719 32.1671
5 24 10.684 -7.312 0 10.859 -6.378 1.113 10.95 -5.777 0 10.682 -21.943 0
5 24 14.273 -3.089 3.595 15.889 -2.4405 3.1655 15.961 -.25 2 14.273 -33.589 3.602
5 24 24.564 -33.86 3.705 37.42 -34.474 2 23.887 -33.872 8.041 24.908 -33.777 2
5 24 52.0594 -20.448 37.8234 57.3354 -20.448 29.2138 53.3829 -29.522 27.1999 53.5974 -9.988 38.9408
5 24 53.5974 -9.988 38.9408 59.0292 -9.988 30.0769 57.3354 -20.448 29.2138 53.5416 -.041 38.9002
5 24 40.1951 -19.811 55.3238 48.3548 -19.811 48.3548 37.9022 -28.124 52.1678 49.139 -9.988 49.139
5 24 56.902 -19.769 2.2962 56.902 -19.769 0 58 -18 0 55.708 -20.25 2.2962
5 24 40.679 -36.675 3.603 40.018 -36.422 0 39.553 -37.79 0 40.776 -23.5 2.2962
5 24 10.859 -6.378 1.113 11.284 -4.56 1.302 11.295 -4.892 1.824 10.95 -5.777 0
5 24 57.0415 -34.828 18.5339 63.6891 -28.124 10.0874 59.901 -33.749 7.717 61.327 -28.124 19.9263
5 24 57.0415 -34.828 18.5339 56.375 -37.505 10.697 52.0475 -39.719 16.9113 59.901 -33.749 7.717
5 24 10.859 -6.378 1.113 11.371 -21.855 2 11.367 -5.468 2.111 10.858 -21.928 1.113
5 24 11.295 -4.892 1.824 11.284 -4.56 1.302 10.859 -6.378 1.113 12.446 -3.1265 2.535
5 24 15.961 -.25 2 15.889 -2.4405 3.1655 17.109 -1.942 2 13.972 -1.883 2.986
5 24 4.5375 -37.492 18.899 0 -37.072 0 8.851 -37.492 17.371 0 -37.492 19.496
5 24 56.9806 -29.522 18.5141 50.7579 -35.818 16.4922 56.478 -31.597 11.22 47.553 -35.818 24.2295
5 24 52.1678 -28.124 37.9022 48.5224 -34.828 35.2536 45.5964 -28.124 45.5964 53.4399 -34.828 27.229
5 24 8.561 -39.719 54.0522 9.3825 -34.828 59.2386 0 -34.828 59.977 16.9113 -39.719 52.0475
5 24 13.972 -1.883 2.986 13.983 -1.383 2.03 15.961 -.25 2 12.5225 -2.679 1.865
5 24 42.3649 -29.522 42.3649 48.4706 -29.522 35.216 43.1772 -35.818 31.3701 45.5016 -20.448 45.5016
5 24 32.1671 -39.719 44.2743 35.2536 -34.828 48.5224 38.6971 -39.719 38.6971 27.229 -34.828 53.4399
5 24 48.33 -18 9.109 48.249 -37.404 9.813 51.545 -18 9.109 44.999 -37.135 8.637
5 24 61.5864 -1.303 31.3798 58.9677 -.041 30.0455 53.5416 -.041 38.9002 65.737 -1.303 21.3593
5 24 48.4706 -29.522 35.216 53.3829 -29.522 27.1999 52.0594 -20.448 37.8234 47.553 -35.818 24.2295
5 24 29.2138 -20.448 57.3354 37.8234 -20.448 52.0594 30.0769 -9.988 59.0292 35.216 -29.522 48.4706
5 24 15.889 -2.4405 3.1655 17.109 -1.942 2 15.8845 -33.617 3.168 15.961 -.25 2
5 24 52.0475 -39.719 16.9113 56.375 -37.505 10.697 52.53 -39.271 11.569 57.0415 -34.828 18.5339
5 24 63.6891 -28.124 10.0874 61.327 -28.124 19.9263 67.5421 -19.811 10.6976 57.0415 -34.828 18.5339
5 24 12.446 -3.1265 2.535 12.661 -4.1485 3.1615 11.295 -4.892 1.824 14.273 -3.089 3.595
5 24 57.029 -18 5.943 57.358 -32.169 6.364 59.193 -29.798 2.901 54.566 -18 8.009
5 24 48.021 -38.703 10.269 52.53 -39.271 11.569 52.324 -38.914 9.978 47.673 -39.17 11.606
5 24 19.398 -38.653 38.07 24.8451 -39.719 48.7612 16.9113 -39.719 52.0475 25.114 -38.653 34.567
5 24 58.553 -33.788 6.214 54.517 -35.692 8.785 55.454 -37.081 9.009 57.358 -32.169 6.364
5 24 38.6971 -39.719 38.6971 42.4101 -34.828 42.4101 44.2743 -39.719 32.1671 35.2536 -34.828 48.5224
5 24 65.737 -1.303 21.3593 62.9419 -.041 20.4511 68.269 -1.303 10.8128 58.9677 -.041 30.0455
5 24 65.037 -19.811 21.1318 66.0918 -9.988 21.4745 67.5421 -19.811 10.6976 61.9187 -9.988 31.5492
5 24 63.0075 -9.988 20.4724 61.1995 -20.448 19.8849 65.4344 -9.988 10.3638 57.3354 -20.448 29.2138
5 24 12.9423 -34.776 38.681 8.3489 -35.818 52.7129 16.4922 -35.818 50.7579 0 -34.776 40.7872
5 24 52.324 -38.914 9.978 51.682 -37.674 9.825 48.021 -38.703 10.269 55.454 -37.081 9.009
5 24 37.9022 -28.124 52.1678 45.5964 -28.124 45.5964 48.3548 -19.811 48.3548 35.2536 -34.828 48.5224
5 24 12.6225 -37.492 14.779 30.213 -38.653 30.213 15.772 -37.492 11.459 25.114 -38.653 34.567
5 24 44.015 -38.829 10.291 47.673 -39.17 11.606 41.436 -38.703 13.463 44.7 -38.385 9.059
5 24 23.887 -33.872 8.041 15.8845 -33.617 3.168 14.273 -33.589 3.602 24.564 -33.86 3.705
5 24 41.436 -38.703 13.463 38.07 -38.653 19.398 15.772 -37.492 11.459 52.0475 -39.719 16.9113
5 24 0 -9.988 66.25 10.3638 -9.988 65.4344 10.0664 -20.448 63.5568 0 -.041 66.181
5 24 12.5225 -2.679 1.865 12.446 -3.1265 2.535 11.284 -4.56 1.302 13.972 -1.883 2.986
5 24 63.5568 -20.448 10.0664 62.175 -24.178 4.431 64.349 -20.448 0 59.925 -28.18 8.328
5 24 4.5375 -37.492 18.899 13.203 -38.653 40.636 6.684 -38.653 42.201 8.851 -37.492 17.371
5 24 33.2942 -34.785 23.7383 39.549 -34.835 12.85 43.1772 -35.818 31.3701 23.887 -33.872 8.041
5 24 45.5016 -20.448 45.5016 46.8458 -9.988 46.8458 37.8234 -20.448 52.0594 53.5974 -9.988 38.9408
5 24 30.0769 -9.988 59.0292 29.2138 -20.448 57.3354 38.9408 -9.988 53.5974 19.8849 -20.448 61.1995
5 24 56.9806 -29.522 18.5141 53.3829 -29.522 27.1999 50.7579 -35.818 16.4922 57.3354 -20.448 29.2138
5 24 14.7068 -33.851 20.1139 8.7019 -33.604 12.72 20.1422 -33.853 14.5916 4.616 -33.604 14.8552
5 24 57.029 -18 5.943 59.193 -29.798 2.901 58.637 -18 3.158 57.358 -32.169 6.364
5 24 39.549 -34.835 12.85 47.75 -35.482 12.759 43.522 -35.086 11.22 47.553 -35.818 24.2295
5 24 38.798 -38.357 4.563 38.133 -38.292 0 34.5014 -38.1785 5.1532 40.18 -37.977 3.886
5 24 35.2536 -34.828 48.5224 37.9022 -28.124 52.1678 29.2747 -28.124 57.4548 42.4101 -34.828 42.4101
5 24 61.1995 -20.448 19.8849 63.5568 -20.448 10.0664 63.0075 -9.988 20.4724 59.925 -28.18 8.328
5 24 6.684 -38.653 42.201 4.5375 -37.492 18.899 13.203 -38.653 40.636 0 -38.653 42.727
5 24 19.496 -37.492 0 19.202 -37.488 3.041 33.5102 -38.0936 0 0 -37.072 0
5 24 24.564 -33.86 3.705 24.908 -33.777 2 17.083 -33.638 2 37.42 -34.474 2
5 24 35.216 -29.522 48.4706 42.3649 -29.522 42.3649 37.8234 -20.448 52.0594 37.7383 -35.818 37.7383
5 24 52.25 -35.256 12.759 52.25 -16 12.759 56.478 -31.597 11.22 47.75 -16 12.759
5 24 39.549 -34.835 12.85 23.887 -33.872 8.041 40.075 -34.73 8.328 20.1422 -33.853 14.5916
5 24 20.4724 -9.988 63.0075 30.0769 -9.988 59.0292 29.2138 -20.448 57.3354 20.4511 -.041 62.9419
5 24 55.3238 -19.811 40.1951 56.221 -9.988 40.847 60.9306 -19.811 31.0457 49.139 -9.988 49.139
5 24 11.367 -5.468 2.111 11.295 -4.892 1.824 12.661 -4.1485 3.1615 10.859 -6.378 1.113
5 24 38.798 -38.357 4.563 41.308 -38.571 7.909 42.175 -38.061 6.933 34.5014 -38.1785 5.1532
5 24 55.454 -37.081 9.009 56.375 -37.505 10.697 52.324 -38.914 9.978 59.901 -33.749 7.717
5 24 63.6891 -28.124 10.0874 67.5421 -19.811 10.6976 64.483 -28.124 0 65.037 -19.811 21.1318
5 24 10.859 -6.378 1.113 11.367 -5.468 2.111 11.295 -4.892 1.824 11.371 -21.855 2
5 24 56.478 -31.597 11.22 56.9806 -29.522 18.5141 59.925 -28.18 8.328 52.25 -35.256 12.759
5 24 19.8849 -20.448 61.1995 20.4724 -9.988 63.0075 10.0664 -20.448 63.5568 30.0769 -9.988 59.0292
5 24 55.454 -37.081 9.009 54.517 -35.692 8.785 51.682 -37.674 9.825 58.553 -33.788 6.214
5 24 11.295 -4.892 1.824 12.446 -3.1265 2.535 11.284 -4.56 1.302 11.367 -5.468 2.111
5 24 25.114 -38.653 34.567 32.1671 -39.719 44.2743 24.8451 -39.719 48.7612 30.213 -38.653 30.213
5 24 20.1422 -33.853 14.5916 33.2942 -34.785 23.7383 14.7068 -33.851 20.1139 39.549 -34.835 12.85
5 24 11.284 -4.56 1.302 12.446 -3.1265 2.535 12.5225 -2.679 1.865 11.295 -4.892 1.824
5 24 48.8752 -1.303 48.8752 49.139 -9.988 49.139 56.221 -9.988 40.847 40.6277 -1.303 55.9193
5 24 14.273 -3.089 3.595 13.972 -1.883 2.986 12.446 -3.1265 2.535 15.889 -2.4405 3.1655
5 24 11.371 -21.855 2 11.367 -5.468 2.111 12.661 -4.1485 3.1615 10.859 -6.378 1.113
5 24 14.273 -33.589 3.602 14.273 -3.089 3.595 12.661 -4.1485 3.1615 15.8845 -33.617 3.168
5 24 0 -29.522 59.913 9.3725 -29.522 59.1754 0 -20.448 64.349 8.3489 -35.818 52.7129
5 24 57.3354 -20.448 29.2138 59.0292 -9.988 30.0769 52.0594 -20.448 37.8234 63.0075 -9.988 20.4724
5 24 54.566 -18 8.009 54.517 -35.692 8.785 51.545 -18 9.109 57.358 -32.169 6.364
5 24 10.95 -5.777 0 11.284 -4.56 1.302 10.859 -6.378 1.113 11.353 -4.583 0
5 24 12.446 -3.1265 2.535 14.273 -3.089 3.595 12.661 -4.1485 3.1615 13.972 -1.883 2.986
5 24 56.478 -31.597 11.22 56.478 -16 11.22 59.925 -28.18 8.328 52.25 -16 12.759
5 24 60.429 -31.634 2.783 59.193 -29.798 2.901 57.358 -32.169 6.364 60.766 -31.331 0
5 24 60.429 -31.634 2.783 57.358 -32.169 6.364 58.553 -33.788 6.214 59.193 -29.798 2.901
5 24 53.3829 -29.522 27.1999 57.3354 -20.448 29.2138 61.1995 -20.448 19.8849 48.4706 -29.522 35.216
5 24 23.887 -33.872 8.041 24.564 -33.86 3.705 37.825 -34.506 4.431 17.083 -33.638 2
5 24 61.327 -28.124 19.9263 57.4548 -28.124 29.2747 65.037 -19.811 21.1318 53.4399 -34.828 27.229
5 24 44.7 -38.385 9.059 44.015 -38.829 10.291 48.021 -38.703 10.269 41.308 -38.571 7.909
5 24 4.616 -33.604 14.8552 0 -33.346 2 8.7019 -33.604 12.72 0 -33.605 15.6198
5 24 21.4745 -9.988 66.0918 21.3593 -1.303 65.737 10.8128 -1.303 68.269 31.5492 -9.988 61.9187
5 24 63.6891 -28.124 10.0874 59.901 -33.749 7.717 62.336 -31.009 3.908 57.0415 -34.828 18.5339
5 24 0 -34.776 40.7872 12.9423 -34.776 38.681 7.8478 -33.853 23.7152 0 -35.818 53.37
5 24 38.9408 -9.988 53.5974 37.8234 -20.448 52.0594 46.8458 -9.988 46.8458 29.2138 -20.448 57.3354
5 24 40.776 -23.5 2.2962 40.679 -36.675 3.603 41.238 -18 3.158 40.018 -36.422 0
5 24 40.18 -37.977 3.886 42.466 -36.818 6.54 40.679 -36.675 3.603 42.175 -38.061 6.933
5 24 11.371 -21.855 2 12.661 -4.1485 3.1615 11.367 -5.468 2.111 12.661 -33.558 3.169
5 24 56.375 -37.505 10.697 59.901 -33.749 7.717 55.454 -37.081 9.009 57.0415 -34.828 18.5339
5 24 25.114 -38.653 34.567 12.6225 -37.492 14.779 19.398 -38.653 38.07 30.213 -38.653 30.213
5 24 52.0594 -20.448 37.8234 45.5016 -20.448 45.5016 48.4706 -29.522 35.216 46.8458 -9.988 46.8458
5 24 38.9002 -.041 53.5416 38.9408 -9.988 53.5974 46.797 -.041 46.797 30.0769 -9.988 59.0292
5 24 21.1318 -19.811 65.037 31.0457 -19.811 60.9306 19.9263 -28.124 61.327 31.5492 -9.988 61.9187
5 24 13.972 -1.883 2.986 15.961 -.25 2 14.273 -3.089 3.595 13.983 -1.383 2.03
5 24 10.6976 -19.811 67.5421 21.1318 -19.811 65.037 21.4745 -9.988 66.0918 10.0874 -28.124 63.6891
5 24 40.075 -34.73 8.328 40.075 -16 8.328 43.522 -35.086 11.22 37.825 -16 4.431
5 24 15.961 -.25 2 14.037 -1.432 0 13.983 -1.383 2.03 15.961 -.25 0
5 24 61.9187 -9.988 31.5492 56.221 -9.988 40.847 55.3238 -19.811 40.1951 61.5864 -1.303 31.3798
5 24 37.9022 -28.124 52.1678 40.1951 -19.811 55.3238 45.5964 -28.124 45.5964 31.0457 -19.811 60.9306
5 24 65.037 -19.811 21.1318 61.327 -28.124 19.9263 60.9306 -19.811 31.0457 63.6891 -28.124 10.0874
5 24 9.3825 -34.828 59.2386 0 -34.828 59.977 10.0874 -28.124 63.6891 0 -39.719 54.726
5 24 43.098 -19.769 2.2962 42 -18 0 42.4566 -18 2.2962 43.098 -19.769 0
5 24 53.5974 -9.988 38.9408 52.0594 -20.448 37.8234 59.0292 -9.988 30.0769 45.5016 -20.448 45.5016
5 24 33.5102 -38.0936 0 19.202 -37.488 3.041 34.5014 -38.1785 5.1532 19.496 -37.492 0
5 24 56.375 -37.505 10.697 52.324 -38.914 9.978 52.53 -39.271 11.569 55.454 -37.081 9.009
5 24 12.661 -33.558 3.169 11.371 -21.855 2 11.451 -33.53 2 12.661 -4.1485 3.1615
5 24 34.567 -38.653 25.114 44.2743 -39.719 32.1671 38.07 -38.653 19.398 38.6971 -39.719 38.6971
5 24 63.5568 -20.448 10.0664 59.925 -28.18 8.328 62.175 -24.178 4.431 61.1995 -20.448 19.8849
5 24 40.847 -9.988 56.221 40.6277 -1.303 55.9193 49.139 -9.988 49.139 31.3798 -1.303 61.5864
5 24 67.5421 -19.811 10.6976 65.037 -19.811 21.1318 68.6374 -9.988 10.8711 61.327 -28.124 19.9263
5 24 11.9283 -33.604 9.429 13.881 -33.605 5.411 12.661 -33.558 3.169 20.1422 -33.853 14.5916
5 24 10.859 -6.378 1.113 10.95 -5.777 0 10.684 -7.312 0 11.284 -4.56 1.302
5 24 68.6374 -9.988 10.8711 66.0918 -9.988 21.4745 68.269 -1.303 10.8128 65.037 -19.811 21.1318
5 24 19.398 -38.653 38.07 25.114 -38.653 34.567 8.851 -37.492 17.371 32.1671 -39.719 44.2743
5 24 10.6976 -19.811 67.5421 10.8711 -9.988 68.6374 0 -9.988 69.493 21.1318 -19.811 65.037
5 24 65.4344 -9.988 10.3638 63.5568 -20.448 10.0664 61.1995 -20.448 19.8849 66.25 -9.988 0
5 24 62.336 -31.009 3.908 59.901 -33.749 7.717 63.6891 -28.124 10.0874 58.553 -33.788 6.214
5 24 12.661 -4.1485 3.1615 11.367 -5.468 2.111 12.446 -3.1265 2.535 11.371 -21.855 2
5 24 14.7068 -33.851 20.1139 20.1422 -33.853 14.5916 11.9283 -33.604 9.429 24.2619 -34.776 32.7883
5 24 12.5225 -2.679 1.865 13.972 -1.883 2.986 13.983 -1.383 2.03 12.446 -3.1265 2.535
5 24 61.1995 -20.448 19.8849 59.925 -28.18 8.328 63.5568 -20.448 10.0664 56.9806 -29.522 18.5141
5 24 31.0457 -19.811 60.9306 40.1951 -19.811 55.3238 40.847 -9.988 56.221 29.2747 -28.124 57.4548
5 24 35.2536 -34.828 48.5224 27.229 -34.828 53.4399 37.9022 -28.124 52.1678 24.8451 -39.719 48.7612
5 24 62.9419 -.041 20.4511 63.0075 -9.988 20.4724 59.0292 -9.988 30.0769 65.3662 -.041 10.353
5 24 37.7383 -35.818 37.7383 24.2619 -34.776 32.7883 31.3701 -35.818 43.1772 43.1772 -35.818 31.3701
5 24 41.436 -38.703 13.463 44.015 -38.829 10.291 47.673 -39.17 11.606 41.308 -38.571 7.909
5 24 38.133 -38.292 0 40.18 -37.977 3.886 38.798 -38.357 4.563 39.553 -37.79 0
5 24 54.517 -35.692 8.785 51.682 -37.674 9.825 55.454 -37.081 9.009 51.545 -18 9.109
5 24 11.284 -4.56 1.302 11.353 -4.583 0 10.95 -5.777 0 12.5225 -2.679 1.865
5 24 53.5416 -.041 38.9002 53.5974 -9.988 38.9408 58.9677 -.041 30.0455 46.8458 -9.988 46.8458
5 24 37.7383 -35.818 37.7383 42.3649 -29.522 42.3649 48.4706 -29.522 35.216 31.3701 -35.818 43.1772
5 24 58.637 -18 3.158 59.193 -29.798 2.901 58.868 -18 2.2962 57.029 -18 5.943
5 24 59.193 -29.798 2.901 59.615 -29.171 0 60.766 -31.331 0 59.096 -23.5 2.2962
5 24 48.249 -37.404 9.813 51.682 -37.674 9.825 48.33 -18 9.109 48.021 -38.703 10.269
5 24 40.18 -37.977 3.886 40.679 -36.675 3.603 39.553 -37.79 0 42.466 -36.818 6.54
5 24 59.193 -29.798 2.901 60.766 -31.331 0 59.615 -29.171 0 60.429 -31.634 2.783
5 24 53.5416 -.041 38.9002 55.9193 -1.303 40.6277 46.797 -.041 46.797 61.5864 -1.303 31.3798
5 24 42.175 -38.061 6.933 42.466 -36.818 6.54 40.18 -37.977 3.886 44.999 -37.135 8.637
5 24 24.2619 -34.776 32.7883 31.3701 -35.818 43.1772 12.9423 -34.776 38.681 37.7383 -35.818 37.7383
5 24 0 -37.072 0 19.202 -37.488 3.041 17.9305 -37.49 7.4295 19.496 -37.492 0
5 24 15.772 -37.492 11.459 12.6225 -37.492 14.779 0 -37.072 0 34.567 -38.653 25.114
5 24 18.5339 -34.828 57.0415 16.9113 -39.719 52.0475 9.3825 -34.828 59.2386 24.8451 -39.719 48.7612
5 24 48.8752 -1.303 48.8752 46.797 -.041 46.797 55.9193 -1.303 40.6277 38.9002 -.041 53.5416
5 24 52.0594 -20.448 37.8234 48.4706 -29.522 35.216 57.3354 -20.448 29.2138 42.3649 -29.522 42.3649
5 24 52.1678 -28.124 37.9022 57.4548 -28.124 29.2747 60.9306 -19.811 31.0457 48.5224 -34.828 35.2536
5 24 40.847 -9.988 56.221 31.5492 -9.988 61.9187 31.0457 -19.811 60.9306 40.6277 -1.303 55.9193
5 24 42.3649 -29.522 42.3649 45.5016 -20.448 45.5016 35.216 -29.522 48.4706 52.0594 -20.448 37.8234
5 24 41.238 -18 3.158 40.776 -23.5 2.2962 40.679 -36.675 3.603 41.011 -18 2.2962
5 24 58.553 -33.788 6.214 62.336 -31.009 3.908 60.429 -31.634 2.783 59.901 -33.749 7.717
5 24 42.175 -38.061 6.933 44.999 -37.135 8.637 42.466 -36.818 6.54 44.7 -38.385 9.059
5 24 0 -19.811 68.384 10.6976 -19.811 67.5421 10.8711 -9.988 68.6374 0 -28.124 64.483
5 24 59.901 -33.749 7.717 55.454 -37.081 9.009 56.375 -37.505 10.697 58.553 -33.788 6.214
5 24 60.9306 -19.811 31.0457 55.3238 -19.811 40.1951 52.1678 -28.124 37.9022 61.9187 -9.988 31.5492
5 24 57.0415 -34.828 18.5339 59.901 -33.749 7.717 56.375 -37.505 10.697 63.6891 -28.124 10.0874
5 24 19.9263 -28.124 61.327 29.2747 -28.124 57.4548 31.0457 -19.811 60.9306 18.5339 -34.828 57.0415
5 24 0 -20.448 64.349 10.0664 -20.448 63.5568 9.3725 -29.522 59.1754 0 -9.988 66.25
5 24 61.9187 -9.988 31.5492 60.9306 -19.811 31.0457 65.037 -19.811 21.1318 56.221 -9.988 40.847
5 24 67.5421 -19.811 10.6976 68.384 -19.811 0 69.493 -9.988 0 63.6891 -28.124 10.0874
5 24 44.999 -37.135 8.637 44.7 -38.385 9.059 48.249 -37.404 9.813 42.175 -38.061 6.933
5 24 41.436 -38.703 13.463 47.673 -39.17 11.606 44.015 -38.829 10.291 52.0475 -39.719 16.9113
5 24 38.798 -38.357 4.563 42.175 -38.061 6.933 41.308 -38.571 7.909 40.18 -37.977 3.886
5 24 59.096 -23.5 2.2962 59.193 -29.798 2.901 59.43 -23.5 0 58.637 -18 3.158
5 24 43.522 -35.086 11.22 43.522 -16 11.22 47.75 -35.482 12.759 40.075 -16 8.328
5 24 45.5964 -28.124 45.5964 48.3548 -19.811 48.3548 40.1951 -19.811 55.3238 52.1678 -28.124 37.9022
5 24 62.336 -31.009 3.908 60.429 -31.634 2.783 58.553 -33.788 6.214 63.028 -30.139 0
5 24 17.083 -33.638 2 24.564 -33.86 3.705 24.908 -33.777 2 15.8845 -33.617 3.168
5 24 21.4745 -9.988 66.0918 10.8711 -9.988 68.6374 21.3593 -1.303 65.737 10.6976 -19.811 67.5421
5 24 37.8234 -20.448 52.0594 45.5016 -20.448 45.5016 38.9408 -9.988 53.5974 42.3649 -29.522 42.3649
5 24 58 -18 0 56.902 -19.769 2.2962 57.5434 -18 2.2962 56.902 -19.769 0
5 24 9.462 -24.776 0 9.736 -24.84 2 10.997 -23.606 2 0 -25 2
5 24 51.682 -37.674 9.825 51.545 -18 9.109 54.517 -35.692 8.785 48.249 -37.404 9.813
5 24 47.673 -39.17 11.606 52.0475 -39.719 16.9113 52.53 -39.271 11.569 41.436 -38.703 13.463
5 24 24.2295 -35.818 47.553 12.9423 -34.776 38.681 31.3701 -35.818 43.1772 16.4922 -35.818 50.7579
5 24 38.798 -38.357 4.563 40.18 -37.977 3.886 42.175 -38.061 6.933 38.133 -38.292 0
5 24 14.037 -1.432 0 13.983 -1.383 2.03 12.606 -2.6965 0 15.961 -.25 2
5 24 59.193 -29.798 2.901 57.358 -32.169 6.364 60.429 -31.634 2.783 57.029 -18 5.943
5 24 10.997 -23.606 2 10.48 -23.503 0 9.462 -24.776 0 10.858 -21.928 1.113
5 24 42.4101 -34.828 42.4101 45.5964 -28.124 45.5964 48.5224 -34.828 35.2536 37.9022 -28.124 52.1678
5 24 41.308 -38.571 7.909 34.5014 -38.1785 5.1532 38.798 -38.357 4.563 41.436 -38.703 13.463
5 24 47.673 -39.17 11.606 52.53 -39.271 11.569 52.0475 -39.719 16.9113 48.021 -38.703 10.269
5 24 27.1999 -29.522 53.3829 35.216 -29.522 48.4706 29.2138 -20.448 57.3354 31.3701 -35.818 43.1772
5 24 56.9806 -29.522 18.5141 61.1995 -20.448 19.8849 53.3829 -29.522 27.1999 59.925 -28.18 8.328
5 24 58.553 -33.788 6.214 57.358 -32.169 6.364 54.517 -35.692 8.785 60.429 -31.634 2.783
5 24 64.483 -28.124 0 63.6891 -28.124 10.0874 62.336 -31.009 3.908 68.384 -19.811 0
5 24 21.3593 -1.303 65.737 20.4511 -.041 62.9419 31.3798 -1.303 61.5864 10.353 -.041 65.3662
5 24 46.8458 -9.988 46.8458 53.5974 -9.988 38.9408 52.0594 -20.448 37.8234 46.797 -.041 46.797
5 24 9.3725 -29.522 59.1754 18.5141 -29.522 56.9806 10.0664 -20.448 63.5568 16.4922 -35.818 50.7579
5 24 12.661 -4.1485 3.1615 14.273 -3.089 3.595 12.446 -3.1265 2.535 12.661 -33.558 3.169
5 24 30.213 -38.653 30.213 34.567 -38.653 25.114 12.6225 -37.492 14.779 44.2743 -39.719 32.1671
5 24 61.327 -28.124 19.9263 57.0415 -34.828 18.5339 57.4548 -28.124 29.2747 63.6891 -28.124 10.0874
5 24 53.3829 -29.522 27.1999 47.553 -35.818 24.2295 43.1772 -35.818 31.3701 56.9806 -29.522 18.5141
5 24 31.0457 -19.811 60.9306 31.5492 -9.988 61.9187 40.1951 -19.811 55.3238 21.4745 -9.988 66.0918
5 24 47.553 -35.818 24.2295 39.549 -34.835 12.85 33.2942 -34.785 23.7383 50.7579 -35.818 16.4922
5 24 10.859 -6.378 1.113 10.858 -21.928 1.113 10.684 -7.312 0 11.371 -21.855 2
5 24 40.075 -34.73 8.328 39.549 -34.835 12.85 43.522 -35.086 11.22 37.825 -34.506 4.431
5 24 13.203 -38.653 40.636 6.684 -38.653 42.201 16.9113 -39.719 52.0475 4.5375 -37.492 18.899
5 24 34.5014 -38.1785 5.1532 38.798 -38.357 4.563 41.308 -38.571 7.909 33.5102 -38.0936 0
5 24 43.098 -19.769 0 43.098 -19.769 2.2962 42 -18 0 44.292 -20.25 2.2962
5 24 45.5964 -28.124 45.5964 52.1678 -28.124 37.9022 55.3238 -19.811 40.1951 42.4101 -34.828 42.4101
5 24 13.203 -38.653 40.636 19.398 -38.653 38.07 4.5375 -37.492 18.899 24.8451 -39.719 48.7612
5 24 24.8451 -39.719 48.7612 27.229 -34.828 53.4399 18.5339 -34.828 57.0415 32.1671 -39.719 44.2743
5 24 57.3354 -20.448 29.2138 61.1995 -20.448 19.8849 59.0292 -9.988 30.0769 56.9806 -29.522 18.5141
5 24 12.9423 -34.776 38.681 7.8478 -33.853 23.7152 0 -33.853 25.0069 24.2619 -34.776 32.7883
5 24 0 -33.346 2 12.661 -33.558 3.169 11.451 -33.53 2 11.9283 -33.604 9.429
5 24 19.202 -37.488 3.041 17.9305 -37.49 7.4295 33.5102 -38.0936 0 0 -37.072 0
5 24 63.028 -30.139 0 60.429 -31.634 2.783 62.336 -31.009 3.908 60.766 -31.331 0
5 24 9.3825 -34.828 59.2386 10.0874 -28.124 63.6891 18.5339 -34.828 57.0415 0 -28.124 64.483
5 24 51.682 -37.674 9.825 48.021 -38.703 10.269 48.249 -37.404 9.813 52.324 -38.914 9.978
5 24 10.48 -23.503 0 10.858 -21.928 1.113 10.997 -23.606 2 10.682 -21.943 0
5 24 4.616 -33.604 14.8552 7.8478 -33.853 23.7152 14.7068 -33.851 20.1139 0 -33.605 15.6198
5 24 24.2619 -34.776 32.7883 33.2942 -34.785 23.7383 37.7383 -35.818 37.7383 20.1422 -33.853 14.5916
5 24 56.9806 -29.522 18.5141 59.925 -28.18 8.328 56.478 -31.597 11.22 61.1995 -20.448 19.8849
5 24 42.846 -18 5.943 40.679 -36.675 3.603 41.238 -18 3.158 42.466 -36.818 6.54
5 24 48.4706 -29.522 35.216 43.1772 -35.818 31.3701 53.3829 -29.522 27.1999 37.7383 -35.818 37.7383
5 24 56.221 -9.988 40.847 49.139 -9.988 49.139 48.3548 -19.811 48.3548 55.9193 -1.303 40.6277
5 24 8.7019 -33.604 12.72 0 -33.346 2 11.9283 -33.604 9.429 4.616 -33.604 14.8552
5 24 21.1318 -19.811 65.037 21.4745 -9.988 66.0918 31.0457 -19.811 60.9306 10.8711 -9.988 68.6374
5 24 42.4101 -34.828 42.4101 35.2536 -34.828 48.5224 32.1671 -39.719 44.2743 45.5964 -28.124 45.5964
5 24 27.229 -34.828 53.4399 18.5339 -34.828 57.0415 29.2747 -28.124 57.4548 16.9113 -39.719 52.0475
5 24 12.5225 -2.679 1.865 12.606 -2.6965 0 11.353 -4.583 0 13.983 -1.383 2.03
5 24 42.466 -36.818 6.54 44.999 -37.135 8.637 42.846 -18 5.943 42.175 -38.061 6.933
5 24 15.889 -2.4405 3.1655 15.8845 -33.617 3.168 17.083 -33.638 2 14.273 -3.089 3.595
5 24 56.221 -9.988 40.847 55.9193 -1.303 40.6277 61.9187 -9.988 31.5492 48.8752 -1.303 48.8752
5 24 66.0918 -9.988 21.4745 65.737 -1.303 21.3593 68.6374 -9.988 10.8711 61.5864 -1.303 31.3798
5 24 14.7068 -33.851 20.1139 24.2619 -34.776 32.7883 7.8478 -33.853 23.7152 33.2942 -34.785 23.7383
5 24 40.6277 -1.303 55.9193 38.9002 -.041 53.5416 48.8752 -1.303 48.8752 30.0455 -.041 58.9677
5 24 4.616 -33.604 14.8552 8.7019 -33.604 12.72 0 -33.346 2 7.8478 -33.853 23.7152
5 24 12.661 -33.558 3.169 12.661 -4.1485 3.1615 14.273 -33.589 3.602 11.371 -21.855 2
5 24 41.436 -38.703 13.463 41.308 -38.571 7.909 44.015 -38.829 10.291 17.9305 -37.49 7.4295
5 24 10.0874 -28.124 63.6891 10.6976 -19.811 67.5421 19.9263 -28.124 61.327 0 -19.811 68.384
5 24 19.9263 -28.124 61.327 21.1318 -19.811 65.037 29.2747 -28.124 57.4548 10.6976 -19.811 67.5421
5 24 29.2747 -28.124 57.4548 37.9022 -28.124 52.1678 40.1951 -19.811 55.3238 27.229 -34.828 53.4399
5 24 40.776 -23.5 2.2962 40.018 -36.422 0 40.445 -23.5 0 40.679 -36.675 3.603
5 24 41.308 -38.571 7.909 42.175 -38.061 6.933 44.7 -38.385 9.059 38.798 -38.357 4.563
5 24 47.673 -39.17 11.606 48.021 -38.703 10.269 52.53 -39.271 11.569 44.015 -38.829 10.291
5 24 42.4101 -34.828 42.4101 48.5224 -34.828 35.2536 52.1678 -28.124 37.9022 38.6971 -39.719 38.6971
5 24 29.2138 -20.448 57.3354 27.1999 -29.522 53.3829 18.5141 -29.522 56.9806 37.8234 -20.448 52.0594
5 24 9.3725 -29.522 59.1754 8.3489 -35.818 52.7129 0 -35.818 53.37 18.5141 -29.522 56.9806
5 24 65.4344 -9.988 10.3638 66.25 -9.988 0 64.349 -20.448 0 65.3662 -.041 10.353
5 24 49.139 -9.988 49.139 40.847 -9.988 56.221 40.1951 -19.811 55.3238 48.8752 -1.303 48.8752
5 24 10.8128 -1.303 68.269 10.353 -.041 65.3662 21.3593 -1.303 65.737 0 -.041 66.181
5 24 55.454 -37.081 9.009 51.682 -37.674 9.825 52.324 -38.914 9.978 54.517 -35.692 8.785
5 24 30.213 -38.653 30.213 38.6971 -39.719 38.6971 34.567 -38.653 25.114 32.1671 -39.719 44.2743
5 24 37.8234 -20.448 52.0594 35.216 -29.522 48.4706 45.5016 -20.448 45.5016 27.1999 -29.522 53.3829
5 24 10.858 -21.928 1.113 10.997 -23.606 2 11.371 -21.855 2 10.48 -23.503 0
5 24 13.203 -38.653 40.636 16.9113 -39.719 52.0475 8.561 -39.719 54.0522 19.398 -38.653 38.07
5 24 12.5225 -2.679 1.865 11.284 -4.56 1.302 12.446 -3.1265 2.535 12.606 -2.6965 0
5 24 13.983 -1.383 2.03 15.961 -.25 2 14.037 -1.432 0 13.972 -1.883 2.986
5 24 48.021 -38.703 10.269 48.249 -37.404 9.813 44.7 -38.385 9.059 51.682 -37.674 9.825
5 24 9.462 -24.776 0 10.997 -23.606 2 9.736 -24.84 2 10.48 -23.503 0
5 24 23.887 -33.872 8.041 37.825 -34.506 4.431 39.549 -34.835 12.85 37.42 -34.474 2
5 24 48.3548 -19.811 48.3548 55.3238 -19.811 40.1951 45.5964 -28.124 45.5964 56.221 -9.988 40.847
5 24 42.466 -36.818 6.54 40.679 -36.675 3.603 40.18 -37.977 3.886 42.846 -18 5.943
5 24 12.6225 -37.492 14.779 8.851 -37.492 17.371 0 -37.072 0 25.114 -38.653 34.567
5 24 59.925 -16 8.328 59.925 -28.18 8.328 62.175 -24.178 4.431 56.478 -16 11.22