0 ~Brick  2 x  4 x  5 with Platform and Hole for Worm Screw without Front
0 Name: s\3863s01.dat
0 Author: Philippe Hurbain [Philo]
0 !LDRAW_ORG Subpart UPDATE 2026-04
0 !LICENSE Licensed under CC BY 4.0 : see CAreadme.txt

0 BFC CERTIFY CCW

0 !HISTORY 2026-04-27 [OrionP] Official Update 2026-04

1 16 0 0 0 1 0 0 0 1 0 0 0 1 s\3863s02.dat
1 16 0 0 0 -1 0 0 0 1 0 0 0 1 s\3863s02.dat
1 16 0 120 0 36 0 0 0 1 0 0 0 16 recte4.dat
1 16 -10 104 -60 0 0 1 0 1 0 -1 0 0 stug-3x3.dat
1 16 30 104 -60 0 0 1 0 1 0 -1 0 0 stug-1x3.dat
1 16 0 20 8.2 0 1 0 0 0 -1 -1.7 0 0 s\73764s01.dat
2 24 0.3814 26.1459 -16 -1.8 27 -16
2 24 -0.3814 13.8541 -16 1.8 13 -16
1 16 0 20 0 1 0 0 0 0 -1 0 1 0 s\73764s01.dat
1 16 0 20 -8.2 0 -1 0 0 0 -1 1.7 0 0 s\73764s01.dat
2 24 -0.3814 26.1459 16 1.8 27 16
2 24 0.3814 13.8541 16 -1.8 13 16
1 16 0 20 0 -1 0 0 0 0 -1 0 -1 0 s\73764s01.dat
1 16 0 60 20 40 0 0 0 0 60 0 -1 0 rect.dat
2 24 -40 0 -20 40 0 -20
0 BFC INVERTNEXT
1 16 0 57 -11.4 0 0 10 57 0 0 0 -4.6 0 box3u4p.dat
0 BFC INVERTNEXT
1 16 0 57 11.4 0 0 10 57 0 0 0 4.6 0 box3u4p.dat
2 24 3.6478 13.3401 -16 3.8 13.7 -16
2 24 3.2142 13.0808 -16 3.6478 13.3401 -16
2 24 2.5654 12.9613 -16 3.2142 13.0808 -16
2 24 2.5654 12.9613 -16 1.8 13 -16
2 24 3.8 13.7 -16 3.9 19 -16
2 24 3.9 19 -16 3.4662 21.8163 -16
2 24 2.2305 24.3254 -16 3.4662 21.8163 -16
2 24 2.2305 24.3254 -16 0.3814 26.1459 -16
2 24 3.6478 26.6599 16 3.8 26.3 16
2 24 3.6478 26.6599 16 3.2142 26.9192 16
2 24 2.5654 27.0387 16 3.2142 26.9192 16
2 24 1.8 27 16 2.5654 27.0387 16
2 24 3.9 21 16 3.8 26.3 16
2 24 3.4662 18.1837 16 3.9 21 16
2 24 3.4662 18.1837 16 2.2305 15.6746 16
2 24 0.3814 13.8541 16 2.2305 15.6746 16
2 24 -3.6478 26.6599 -16 -3.8 26.3 -16
2 24 -3.6478 26.6599 -16 -3.2142 26.9192 -16
2 24 -2.5654 27.0387 -16 -3.2142 26.9192 -16
2 24 -1.8 27 -16 -2.5654 27.0387 -16
2 24 -3.9 21 -16 -3.8 26.3 -16
2 24 -3.4662 18.1837 -16 -3.9 21 -16
2 24 -3.4662 18.1837 -16 -2.2305 15.6746 -16
2 24 -0.3814 13.8541 -16 -2.2305 15.6746 -16
2 24 -3.6478 13.3401 16 -3.8 13.7 16
2 24 -3.2142 13.0808 16 -3.6478 13.3401 16
2 24 -2.5654 12.9613 16 -3.2142 13.0808 16
2 24 -2.5654 12.9613 16 -1.8 13 16
2 24 -3.8 13.7 16 -3.9 19 16
2 24 -3.9 19 16 -3.4662 21.8163 16
2 24 -2.2305 24.3254 16 -3.4662 21.8163 16
2 24 -2.2305 24.3254 16 -0.3814 26.1459 16
1 16 0 120 -70.1 -2.5 0 0 0 -1 0 0 0 1.5 rect2p.dat
1 16 0 116.65 -75.8 -1.5 0 0 0 -1 2.35 0 0 4.2 rect2p.dat
1 16 0 114.3 -83.5 0 0 -1.5 0 -1 0 -3.5 0 0 rect1.dat
1 16 0 119 -45.8 0 0 1.5 0 -1 0 25.8 0 0 rect1.dat
4 16 -2.5 120 -71.6 2.5 120 -71.6 3.8 114.8 -71.6 -3.8 114.8 -71.6
4 16 3.8 114.8 -68.6 2.5 120 -68.6 -2.5 120 -68.6 -3.8 114.8 -68.6
2 24 1.5 119 -68.6 -1.5 119 -68.6
1 16 0 111.4 -71.6 0 0 -36.4 -3.4 0 0 0 1 0 rect1.dat
1 16 0 111.4 -68.6 0 0 36.4 -3.4 0 0 0 -1 0 rect1.dat
1 16 0 114 -20 -35 0 0 0 0 6 0 1 0 rect2p.dat
4 16 35 120 -20 -35 120 -20 -36 120 -16 36 120 -16
4 16 35 108 -20 36.4 108 -30 -36.4 108 -30 -35 108 -20
4 16 -36.4 108 -87 -36.4 108 -30 36.4 108 -30 36.4 108 -87
1 16 0 111.5 -87 47 0 0 0 0 3.5 0 -1 0 rect2p.dat
1 16 0 115 -88.5 0 0 -47 0 -1 0 -1.5 0 0 rect1.dat
1 16 0 109.5 -90 0 0 -47 -5.5 0 0 0 1 0 rect1.dat
4 16 -40 104 -21.4 -47 104 -90 47 104 -90 40 104 -21.4
1 16 0 104 -20.7 0 0 -40 0 1 0 0.7 0 0 rect1.dat
4 16 -40 120 20 40 120 20 36 120 16 -36 120 16
4 16 -12.9824 114 16 -36 120 16 36 120 16 12.9824 114 16
4 16 -12.9824 114 -16 12.9824 114 -16 36 120 -16 -36 120 -16
4 16 10 0 -16 -10 0 -16 -40 0 -20 40 0 -20
4 16 -10 0 16 10 0 16 40 0 20 -40 0 20
2 24 -10 0 16 10 0 16
2 24 -10 0 -16 10 0 -16
