0 ~Brick  2 x  4 x  5 with Platform and Hole for Worm Screw Half
0 Name: s\3863s02.dat
0 Author: Philippe Hurbain [Philo]
0 !LDRAW_ORG Subpart UPDATE 2026-04
0 !LICENSE Licensed under CC BY 4.0 : see CAreadme.txt

0 BFC CERTIFY CCW

0 !HISTORY 2026-04-27 [OrionP] Official Update 2026-04

0 BFC INVERTNEXT
1 16 0 0 0 15.3 0 0 0 114 0 0 0 -15.3 1-8cylo.dat
1 16 0 0 0 15.3 0 0 0 1 0 0 0 -15.3 1-8ndis.dat
0 BFC INVERTNEXT
1 16 0 0 0 15.3 0 0 0 114 0 0 0 15.3 1-8cylo.dat
1 16 0 0 0 15.3 0 0 0 1 0 0 0 15.3 1-8ndis.dat
1 16 0 114 0 3.06 0 0 0 -1 0 0 0 3.06 1-8ring5.dat
1 16 0 5 0 18.36 0 0 0 109 0 0 0 18.36 1-8cylo.dat
1 16 0 114 0 3.06 0 0 0 -1 0 0 0 -3.06 1-8ring5.dat
1 16 0 5 0 18.36 0 0 0 109 0 0 0 -18.36 1-8cylo.dat
1 16 47 104 -87 3 0 0 0 11 0 0 0 -3 1-4cylo.dat
1 16 47 104 -26.5 3 0 0 0 11 0 0 0 3 3-16cylo.dat
2 24 40 104 -21.4 48.1481 104 -23.7283
2 24 40 115 -21.4 48.1481 115 -23.7283
2 24 40 104 -21.4 40 115 -21.4
4 16 40 104 -21.4 48.1481 104 -23.7283 48.1481 115 -23.7283 40 115 -21.4
1 16 50 109.5 -56.75 0 -1 0 0 0 5.5 -30.25 0 0 rect2p.dat
2 24 40 0 -20 40 0 20
1 16 47 104 -87 3 0 0 0 1 0 0 0 -3 1-4chrd.dat
1 16 47 104 -26.5 3 0 0 0 1 0 0 0 3 3-16chrd.dat
1 16 47 115 -87 3 0 0 0 -1 0 0 0 -3 1-4disc.dat
1 16 47 115 -26.5 3 0 0 0 -1 0 0 0 3 3-16chrd.dat
4 16 50 104 -26.5 48.1481 104 -23.7283 47 104 -90 50 104 -87
3 16 48.1481 104 -23.7283 40 104 -21.4 47 104 -90

2 24 40 104 -21.4 40 104 -20
4 16 40 104 -20 40 104 -21.4 40 115 -21.4 40 120 20
4 16 40 0 -20 40 104 -20 40 120 20 40 0 20
2 24 47 115 -87 47 115 -26.52
2 24 40 115 -24.3 47 115 -26.5203
4 16 47 115 -26.5203 40 115 -24.3 40 115 -21.4 48.1481 115 -23.7283
4 16 47 115 -26.5203 50 115 -26.5 50 115 -87 47 115 -87
3 16 50 115 -26.5 47 115 -26.5203 48.1481 115 -23.7283
2 24 40 120 -71 40 120 20
2 24 10 0 -11.4 10.8186 0 -10.8186
2 24 10 114 -11.4 10.8186 114 -10.8186
4 16 10 114 -11.4 10 0 -11.4 10.8186 0 -10.8186 10.8186 114 -10.8186
4 16 10.8186 0 -10.8186 10 0 -11.4 10 0 -16 15.3 0 -15.3
3 16 15.3 0 -15.3 10 0 -16 40 0 -20
2 24 10.8186 0 10.8186 10 0 11.4
2 24 10.8186 114 10.8186 10 114 11.4
4 16 10.8186 0 10.8186 10 0 11.4 10 114 11.4 10.8186 114 10.8186
4 16 10 0 16 10 0 11.4 10.8186 0 10.8186 15.3 0 15.3
3 16 10 0 16 15.3 0 15.3 40 0 20
4 16 15.3 0 15.3 15.3 0 -15.3 40 0 -20 40 0 20
1 16 12.9824 59.5 14.4912 0 -1 0 54.5 0 0 0 0 1.50882 rect.dat
4 16 36 5 16 12.9824 5 16 12.9824 114 16 36 120 16
2 24 10 114 16 12.9824 114 16
4 16 12.9824 114 12.9824 10.8186 114 10.8186 10 114 11.4 12.9824 114 16
3 16 12.9824 114 16 10 114 11.4 10 114 16
1 16 12.9824 59.5 -14.4912 0 -1 0 0 0 -54.5 1.50882 0 0 rect.dat
4 16 12.9824 114 -16 12.9824 5 -16 36 5 -16 36 120 -16
2 24 12.9824 114 -16 10 114 -16
4 16 10 114 -11.4 10.8186 114 -10.8186 12.9824 114 -12.9824 12.9824 114 -16
3 16 10 114 -11.4 12.9824 114 -16 10 114 -16
2 24 12.9824 5 16 36 5 16
2 24 36 5 -16 12.9824 5 -16
1 16 36 62.5 0 0 1 0 0 0 -57.5 -16 0 0 rect3.dat
4 16 18.36 5 0 12.9824 5 12.9824 12.9824 5 16 36 5 16
4 16 12.9824 5 -16 12.9824 5 -12.9824 18.36 5 0 36 5 -16
3 16 18.36 5 0 36 5 16 36 5 -16
2 24 40 108 -24.3 40 108 -87
2 24 40 108 -87 40 114.3 -87
2 24 40 115 -24.3 40 108 -24.3
4 16 40 108 -87 40 114.3 -87 40 114.3 -80 40 108 -24.3
4 16 40 108 -24.3 40 114.3 -80 40 120 -71 40 115 -24.3
4 16 40 115 -21.4 40 115 -24.3 40 120 -71 40 120 20
2 24 40 115 -24.3 40 115 -21.4
2 24 47 108 -87 47 108 -26.52
2 24 40 108 -24.3 47 108 -26.5203
4 16 47 115 -26.5203 47 108 -26.5203 40 108 -24.3 40 115 -24.3
2 24 47 108 -26.5203 47 115 -26.5203
2 24 47 108 -87 47 115 -87
4 16 47 115 -87 47 108 -87 47 108 -26.5203 47 115 -26.5203
2 24 21.5 108 -20 21.5 108 -87
2 24 21.5 108 -87 21.5 114.3 -87
4 16 21.5 108 -87 21.5 114.3 -87 21.5 114.3 -80 21.5 108 -20
4 16 21.5 108 -20 21.5 114.3 -80 21.5 119 -71.6 21.5 119 -20
2 24 21.5 108 -20 21.5 119 -20
2 24 18.5 108 -87 18.5 108 -20
2 24 18.5 114.3 -87 18.5 108 -87
4 16 18.5 114.3 -80 18.5 114.3 -87 18.5 108 -87 18.5 108 -20
4 16 18.5 119 -71.6 18.5 114.3 -80 18.5 108 -20 18.5 119 -20
2 24 18.5 119 -20 18.5 108 -20
2 24 1.5 119 -71.6 1.5 119 -20
2 24 1.5 114.3 -80 1.5 119 -71.6
2 24 1.5 114.3 -87 1.5 114.3 -80
2 24 1.5 108 -20 1.5 108 -87
2 24 1.5 108 -87 1.5 114.3 -87
4 16 1.5 108 -87 1.5 114.3 -87 1.5 114.3 -80 1.5 108 -20
4 16 1.5 108 -20 1.5 114.3 -80 1.5 119 -71.6 1.5 119 -20
2 24 1.5 108 -20 1.5 119 -20
2 24 22.5 120 -71.6 23.8 114.8 -71.6
2 24 16.2 114.8 -71.6 17.5 120 -71.6
4 16 16.2 114.8 -71.6 17.5 120 -71.6 22.5 120 -71.6 23.8 114.8 -71.6
2 24 23.8 114.8 -68.6 22.5 120 -68.6
2 24 17.5 120 -68.6 16.2 114.8 -68.6
4 16 22.5 120 -68.6 17.5 120 -68.6 16.2 114.8 -68.6 23.8 114.8 -68.6
4 16 23.8 114.8 -71.6 22.5 120 -71.6 22.5 120 -68.6 23.8 114.8 -68.6
1 16 20 120 -70.1 0 0 -2.5 0 -1 0 -1.5 0 0 rect.dat
4 16 17.5 120 -68.6 17.5 120 -71.6 16.2 114.8 -71.6 16.2 114.8 -68.6
1 16 20 114.3 -83.5 -1.5 0 0 0 -1 0 0 0 3.5 rect.dat
1 16 20 116.65 -75.8 0 0 1.5 2.35 -1 0 4.2 0 0 rect2p.dat
1 16 20 119 -45.8 0 0 1.5 0 -1 0 25.8 0 0 rect.dat
2 24 36.4 120 -30 36.4 120 -71
2 24 36.4 108 -87 36.4 108 -30
2 24 36.4 114.3 -87 36.4 108 -87
4 16 36.4 114.3 -80 36.4 114.3 -87 36.4 108 -87 36.4 108 -30
4 16 36.4 120 -71 36.4 114.3 -80 36.4 108 -30 36.4 120 -30
2 24 36.4 120 -30 36.098 120 -28.103
2 24 36.098 120 -28.103 35 120 -26.384
2 24 36.4 108 -30 36.098 108 -28.103
2 24 36.098 108 -28.103 35 108 -26.384
1 16 35 114 -23.192 0 1 0 0 0 -6 -3.192 0 0 rect.dat
4 16 35 108 -26.384 35 120 -26.384 36.098 120 -28.103 36.098 108 -28.103
4 16 36.098 108 -28.103 36.098 120 -28.103 36.4 120 -30 36.4 108 -30
5 24 36.4 108 -30 36.4 120 -30 36.098 108 -28.103 36.4 120 -71
5 24 36.098 108 -28.103 36.098 120 -28.103 35 108 -26.384 36.4 108 -30
1 16 38.2 114.3 -83.5 -1.8 0 0 0 -1 0 0 0 3.5 rect.dat
1 16 38.2 117.15 -75.5 -1.8 0 0 0 -1 2.85 0 0 4.5 rect3.dat
4 16 40 120 -71 36.4 120 -71 36.4 120 -30 40 120 20
4 16 35 120 -26.384 35 120 -20 36 120 -16 36.098 120 -28.103
3 16 36 120 16 40 120 20 36 120 -16
4 16 36.4 120 -30 36.098 120 -28.103 36 120 -16 40 120 20
2 24 2.5 120 -71.6 3.8 114.8 -71.6
2 24 3.8 114.8 -68.6 2.5 120 -68.6
2 24 2.5 120 -68.6 2.5 120 -71.6
4 16 3.8 114.8 -71.6 2.5 120 -71.6 2.5 120 -68.6 3.8 114.8 -68.6
1 16 10 114.8 -70.1 -6.2 0 0 0 -1 0 0 0 1.5 rect.dat
4 16 40 108 -87 40 108 -24.3 47 108 -26.5203 47 108 -87
1 16 30.1 114.8 -70.1 0 0 -6.3 0 -1 0 -1.5 0 0 rect.dat
2 24 21.5 119 -71.6 21.5 108 -71.6
2 24 21.5 119 -68.6 18.5 119 -68.6
2 24 21.5 108 -68.6 21.5 119 -68.6
2 24 36.4 114.8 -71.6 36.4 108 -71.6
2 24 36.4 108 -68.6 36.4 114.8 -68.6
2 24 18.5 119 -71.6 18.5 108 -71.6
2 24 18.5 108 -68.6 18.5 119 -68.6
2 24 1.5 119 -71.6 1.5 108 -71.6
2 24 1.5 108 -68.6 1.5 119 -68.6
1 16 40 20 0 0 5 0 0 0 -4 4 0 0 2-4cylo.dat
0 BFC INVERTNEXT
1 16 40 20 0 0 5 0 0 0 -1.25 1.25 0 0 2-4cylo.dat
1 16 40 36 0 0 5 0 0 0 4 4 0 0 2-4cylo.dat
0 BFC INVERTNEXT
1 16 40 36 0 0 5 0 0 0 1.25 1.25 0 0 2-4cylo.dat
1 16 45 20 0 0 -1 0 0 0 -4 4 0 0 1-4chrd.dat
1 16 45 20 0 0 -1 0 0 0 -4 -4 0 0 1-4chrd.dat
1 16 45 20 0 0 -1 0 0 0 -1.25 1.25 0 0 2-4ndis.dat
3 16 45 20 -4 45 20 -1.25 45 18.75 -1.25
3 16 45 20 -4 45 18.75 -1.25 45 16 0
3 16 45 16 0 45 18.75 -1.25 45 18.75 1.25
3 16 45 16 0 45 18.75 1.25 45 20 4
3 16 45 20 4 45 18.75 1.25 45 20 1.25
1 16 45 36 0 0 -1 0 0 0 4 4 0 0 1-4chrd.dat
1 16 45 36 0 0 -1 0 0 0 4 -4 0 0 1-4chrd.dat
1 16 45 36 0 0 -1 0 0 0 1.25 1.25 0 0 2-4ndis.dat
3 16 45 36 -1.25 45 36 -4 45 37.25 -1.25
3 16 45 37.25 -1.25 45 36 -4 45 40 0
3 16 45 37.25 -1.25 45 40 0 45 37.25 1.25
3 16 45 37.25 1.25 45 40 0 45 36 4
3 16 45 37.25 1.25 45 36 4 45 36 1.25
1 16 40 28 2.625 0 5 0 -8 0 0 0 0 1.375 box3u8p.dat
1 16 40 28 -2.625 0 5 0 -8 0 0 0 0 -1.375 box3u8p.dat
1 16 40 92 0 0 5 0 0 0 -4 4 0 0 2-4cylo.dat
0 BFC INVERTNEXT
1 16 40 92 0 0 5 0 0 0 -1.25 1.25 0 0 2-4cylo.dat
1 16 40 108 0 0 5 0 0 0 4 4 0 0 2-4cylo.dat
0 BFC INVERTNEXT
1 16 40 108 0 0 5 0 0 0 1.25 1.25 0 0 2-4cylo.dat
1 16 45 92 0 0 -1 0 0 0 -4 4 0 0 1-4chrd.dat
1 16 45 92 0 0 -1 0 0 0 -4 -4 0 0 1-4chrd.dat
1 16 45 92 0 0 -1 0 0 0 -1.25 1.25 0 0 2-4ndis.dat
3 16 45 92 -4 45 92 -1.25 45 90.75 -1.25
3 16 45 92 -4 45 90.75 -1.25 45 88 0
3 16 45 88 0 45 90.75 -1.25 45 90.75 1.25
3 16 45 88 0 45 90.75 1.25 45 92 4
3 16 45 92 4 45 90.75 1.25 45 92 1.25
1 16 45 108 0 0 -1 0 0 0 4 4 0 0 1-4chrd.dat
1 16 45 108 0 0 -1 0 0 0 4 -4 0 0 1-4chrd.dat
1 16 45 108 0 0 -1 0 0 0 1.25 1.25 0 0 2-4ndis.dat
3 16 45 108 -1.25 45 108 -4 45 109.25 -1.25
3 16 45 109.25 -1.25 45 108 -4 45 112 0
3 16 45 109.25 -1.25 45 112 0 45 109.25 1.25
3 16 45 109.25 1.25 45 112 0 45 108 4
3 16 45 109.25 1.25 45 108 4 45 108 1.25
1 16 40 100 2.625 0 5 0 -8 0 0 0 0 1.375 box3u8p.dat
1 16 40 100 -2.625 0 5 0 -8 0 0 0 0 -1.375 box3u8p.dat
2 24 40 0 -20 40 104 -20
