0 ~Fence Ornamented  1 x  4 x  2 with Circles - Eighth
0 Name: s\5103s02.dat
0 Author: Gerald Lasser [GeraldLasser]
0 !LDRAW_ORG Subpart UPDATE 2026-04
0 !LICENSE Licensed under CC BY 4.0 : see CAreadme.txt

0 BFC CERTIFY CCW

0 !HISTORY 2026-04-27 [OrionP] Official Update 2026-04

1 16 0 0 -6 0 0 16.5 -16.5 0 0 0 1 0 48\1-8chrd.dat
1 16 0 0 -6 16.5 0 0 0 0 -16.5 0 1 0 48\1-8chrd.dat
1 16 0 0 -6 0 0 13 -13 0 0 0 1 0 48\1-4tang.dat
3 16 0 -16.5 -6 0 -13 -6 2.5857 -13 -6
3 16 0 -16.5 -6 2.5857 -13 -6 4.9751 -12.0107 -6
3 16 0 -16.5 -6 4.9751 -12.0107 -6 11.66715 -11.66715 -6
3 16 11.66715 -11.66715 -6 4.9751 -12.0107 -6 7.3645 -11.0214 -6
3 16 11.66715 -11.66715 -6 7.3645 -11.0214 -6 9.1923 -9.1923 -6
3 16 11.66715 -11.66715 -6 9.1923 -9.1923 -6 11.0214 -7.3645 -6
3 16 11.66715 -11.66715 -6 11.0214 -7.3645 -6 12.0107 -4.9751 -6
3 16 11.66715 -11.66715 -6 12.0107 -4.9751 -6 16.5 0 -6
3 16 16.5 0 -6 12.0107 -4.9751 -6 13 -2.5857 -6
3 16 16.5 0 -6 13 -2.5857 -6 13 0 -6

1 16 40 0 -6 0 0 -14 -14 0 0 0 4 0 48\1-4cyli.dat
1 16 40 0 -6 0 0 -14 -14 0 0 0 1 0 48\1-4edge.dat
1 16 40 0 -6 0 0 -14 -14 0 0 0 1 0 48\1-8chrd.dat
1 16 40 0 -6 0 0 -10 -10 0 0 0 1 0 48\1-4tang.dat
1 16 40 0 -6 -14 0 0 0 0 -14 0 1 0 48\1-8chrd.dat
3 16 26 0 -6 30 0 -6 30 -1.989 -6
3 16 26 0 -6 30 -1.989 -6 30.761 -3.827 -6
3 16 26 0 -6 30.761 -3.827 -6 31.522 -5.665 -6
3 16 26 0 -6 31.522 -5.665 -6 30.1006 -9.8994 -6
3 16 30.1006 -9.8994 -6 31.522 -5.665 -6 32.929 -7.071 -6
3 16 30.1006 -9.8994 -6 32.929 -7.071 -6 34.335 -8.478 -6
3 16 30.1006 -9.8994 -6 34.335 -8.478 -6 36.173 -9.239 -6
3 16 30.1006 -9.8994 -6 36.173 -9.239 -6 40 -14 -6
3 16 40 -14 -6 36.173 -9.239 -6 38.011 -10 -6
3 16 40 -14 -6 38.011 -10 -6 40 -10 -6

4 16 36 -18 -2 36 -13.3949 -2 40 -14 -2 40 -18 -2
2 24 36 -13.3949 -2 36.3768 -13.5226 -2
2 24 38.173 -13.8796 -2 40 -14 -2
2 24 36.3768 -13.5226 -2 38.173 -13.8796 -2
3 16 40 -14 -6 40 -10 -6 40 -14 -2
2 24 40 -14 -6 40 -10 -6
2 24 40 -14 -6 40 -14 -2

4 16 19.75 -9.63 -2.75 19.75 -13.63 -2.75 9.2376 -13.63 -2.75 13.3682 -9.63 -2.75
4 16 26.4529 -3.5 -2.75 23.75 -7.5 -2.75 19.75 -9.63 -2.75 19.75 -3.5 -2.75
3 16 23.75 -7.5 -2.75 26.4529 -3.5 -2.75 28.2096 -7.5 -2.75
4 16 19.75 -9.63 -2.75 23.75 -7.5 -2.75 23.75 -18 -2.75 19.75 -13.63 -2.75
3 16 23.75 -18 -2.75 19.75 -18 -2.75 19.75 -13.63 -2.75
2 24 28.2096 -7.5 -2.75 27.876 -7 -2.75
2 24 27.0654 -5.3578 -2.75 27.876 -7 -2.75
2 24 27.0654 -5.3578 -2.75 26.4774 -3.6232 -2.75
2 24 26.4529 -3.5 -2.75 26.4774 -3.6232 -2.75
2 24 19.75 -18 -2.75 23.75 -18 -2.75

2 24 10.0452 -13.0911 -2.75 9.2376 -13.63 -2.75
2 24 10.0452 -13.0911 -2.75 11.6672 -11.6672 -2.75
2 24 11.6672 -11.6672 -2.75 13.0911 -10.0452 -2.75
2 24 13.0911 -10.0452 -2.75 13.3682 -9.63 -2.75

1 16 1.75 -17.19235 -3.25 0 -1 0 0 0 .80765 -1.5 0 0 rect.dat
4 16 0 -18 -4.75 0 -16.5 -4.75 1.75 -16.3847 -4.75 1.75 -18 -4.75
4 16 5.5 -15.5205 -1.75 5.5 -18 -1.75 1.75 -18 -1.75 1.75 -16.3847 -1.75

2 24 4.2702 -15.9374 -1.75 2.1533 -16.3581 -1.75
2 24 5.5 -15.5205 -1.75 4.2702 -15.9374 -1.75
2 24 2.1533 -16.3581 -1.75 1.75 -16.3847 -1.75
2 24 1.75 -16.3847 -4.75 0 -16.5 -4.75
2 24 1.75 -18 -1.75 5.5 -18 -1.75
2 24 0 -18 -4.75 1.75 -18 -4.75