0 ~Cylinder  2 x  2 x  2 with Crystallized Dome Top - Stud Cutout Half
0 Name: s\5331s01.dat
0 Author: Gerald Lasser [GeraldLasser]
0 !LDRAW_ORG Subpart UPDATE 2026-03
0 !LICENSE Licensed under CC BY 4.0 : see CAreadme.txt

0 BFC CERTIFY CCW

0 !HISTORY 2026-03-31 [OrionP] Official Update 2026-03

4 16 6.123 48 -14.782 6.344 48 -14.635 7.704 48 -15.543 7.654 48 -18.478
4 16 0 48 -20 0 48 -16 6.1232 48 -16 2.61 48 -19.828
4 16 8.5988 48 -18.0116 7.654 48 -18.478 7.704 48 -15.543 8.1802 48 -15.6378
4 16 8.1802 48 -15.6378 9.2964 47.5607 -15.8599 9.5871 47.5607 -17.5082 8.5988 48 -18.0116
4 16 9.75 46.5201 -15.9502 9.9906 46.5008 -17.2687 9.5871 47.5607 -17.5082 9.2964 47.5607 -15.8599
4 16 9.75 46.5201 -15.9502 9.75 43 -15.9502 9.9688 43 -17.1489 9.9906 46.5008 -17.2687
5 24 8.1802 48 -15.6378 8.5988 48 -18.0116 7.654 48 -18.478 9.2964 47.5607 -15.8599
5 24 9.2964 47.5607 -15.8599 9.5871 47.5607 -17.5082 8.5988 48 -18.0116 9.75 46.5201 -15.9502
5 24 9.9906 46.5008 -17.2687 9.75 46.5201 -15.9502 9.5871 47.5607 -17.5082 9.75 43 -15.9502

4 16 7.654 48 -18.478 5.176 48 -19.318 2.61 48 -19.828 6.1232 48 -16
3 16 7.654 48 -18.478 6.1232 48 -16 6.123 48 -14.782
1 16 0 48 0 0 0 16 0 -1 0 -16 0 0 1-16tndis.dat
2 24 0 48 -20 2.61 48 -19.828
2 24 2.61 48 -19.828 5.176 48 -19.318
2 24 7.654 48 -18.478 5.176 48 -19.318
2 24 6.344 48 -14.635 7.704 48 -15.543
2 24 6.123 48 -14.782 6.344 48 -14.635
2 24 7.654 48 -18.478 8.5988 48 -18.0116
2 24 7.704 48 -15.543 8.1802 48 -15.6378
2 24 9.5871 47.5607 -17.5082 8.5988 48 -18.0116
2 24 9.9906 46.5008 -17.2687 9.5871 47.5607 -17.5082
2 24 9.2964 47.5607 -15.8599 8.1802 48 -15.6378
2 24 9.75 46.5201 -15.9502 9.2964 47.5607 -15.8599

1 16 0 48 0 0 0 16 0 1 0 -16 0 0 1-16edge.dat
0 BFC INVERTNEXT
1 16 0 48 0 0 0 16 0 -5 0 -16 0 0 1-16cyli.dat
4 16 6.344 48 -14.635 6.344 43 -14.635 7.704 43 -15.543 7.704 48 -15.543
4 16 9.75 46.5201 -15.9502 9.2964 47.5607 -15.8599 8.1802 48 -15.6378 7.704 48 -15.543
4 16 9.75 46.5201 -15.9502 7.704 48 -15.543 7.704 43 -15.543 9.75 43 -15.9502

4 16 6.123 48 -14.782 6.123 43 -14.782 6.344 43 -14.635 6.344 48 -14.635
5 24 6.1232 43 -14.7824 6.1232 48 -14.7824 0 43 -16 12.2464 44 -12.2464
2 24 6.344 43 -14.635 7.704 43 -15.543
2 24 7.704 43 -15.543 9.75 43 -15.9502
2 24 9.75 43 -15.9502 9.9688 43 -17.1489
2 24 9.9906 46.5008 -17.2687 9.9688 43 -17.1489
2 24 9.75 46.5201 -15.9502 9.75 43 -15.9502
5 24 7.704 48 -15.543 7.704 43 -15.543 9.75 48 -15.9502 6.344 48 -14.635
2 24 6.344 48 -14.635 6.344 43 -14.635
5 24 6.123 48 -14.782 6.123 43 -14.782 6.344 48 -14.635 0 48 -16

4 16 9.9688 43 -17.1489 9.75 43 -15.9502 11.314 43 -11.314 12.0786 43 -15.7411
3 16 14.0289 43 -14.0289 12.0786 43 -15.7411 11.314 43 -11.314
4 16 7.704 43 -15.543 6.344 43 -14.635 11.314 43 -11.314 9.75 43 -15.9502
2 24 12.0786 43 -15.7411 14.0289 43 -14.0289
2 24 12.0786 43 -15.7411 9.9688 43 -17.1489
2 24 6.344 43 -14.635 11.314 43 -11.314

4 16 2.5891 43 -19.6694 0 43 -19.84 0 48 -20 2.61 48 -19.828
4 16 5.1346 43 -19.1635 2.5891 43 -19.6694 2.61 48 -19.828 5.176 48 -19.318
4 16 7.5928 43 -18.3302 5.1346 43 -19.1635 5.176 48 -19.318 7.654 48 -18.478
4 16 9.9688 43 -17.1489 7.5928 43 -18.3302 7.654 48 -18.478 9.9906 46.5008 -17.2687
4 16 9.5871 47.5607 -17.5082 9.9906 46.5008 -17.2687 7.654 48 -18.478 8.5988 48 -18.0116
5 24 0 43 -19.84 0 48 -20 -2.61 48 -19.828 2.61 48 -19.828
5 24 2.5891 43 -19.6694 2.61 48 -19.828 0 48 -20 5.176 48 -19.318
5 24 5.1346 43 -19.1635 5.176 48 -19.318 2.61 48 -19.828 7.654 48 -18.478
5 24 7.5928 43 -18.3302 7.654 48 -18.478 10 48 -17.32 5.176 48 -19.318