0 ~Brick Round  1 x  1 Curved 45 Degrees - 80 LDU Radius - Half
0 Name: s\7324s01.dat
0 Author: Gerald Lasser [GeraldLasser]
0 !LDRAW_ORG Subpart UPDATE 2026-03
0 !LICENSE Licensed under CC BY 4.0 : see CAreadme.txt

0 BFC CERTIFY CCW

0 !HISTORY 2026-03-31 [OrionP] Official Update 2026-03

1 16 0 0 0 3 0 0 0 -1 0 0 0 3 4-4ring2.dat
1 16 0 0 0 9 0 0 0 1 0 0 0 9 4-4edge.dat
1 16 0 0 0 6 0 0 0 1 0 0 0 6 4-4edge.dat
0 BFC INVERTNEXT
1 16 0 0 0 6 0 0 0 -5 0 0 0 6 4-4cyli.dat

1 16 0 -5 0 0 0 1 0 -1 0 -1 0 0 axl3ho10.dat
1 16 0 -5 0 0 0 1 0 -1 0 -1 0 0 axl3hol3.dat
1 16 0 -5 0 0 0 1 0 -1 0 -1 0 0 axl3hol9.dat
1 16 0 -5 0 -1 0 0 0 -12.5 0 0 0 1 axl3hol8.dat

0 // Top of Axlehole
4 16 -5.2765 -18.9142 0 -4.875 -18.9142 -2.0193 -5.5434 -17.5 -2.2962 -6 -17.5 0
4 16 -4.4163 -18.9142 -2.7055 -5.2127 -17.5 -2.791 -5.5434 -17.5 -2.2962 -4.875 -18.9142 -2.0193
4 16 -2.7055 -18.9142 -4.4163 -2.0193 -18.9142 -4.875 -2.2962 -17.5 -5.5434 -2.791 -17.5 -5.2127
4 16 -2.2962 -17.5 -5.5434 -2.0193 -18.9142 -4.875 0 -18.9142 -5.2765 0 -17.5 -6
4 16 0 -17.5 -6 0 -18.9142 -5.2765 .8163 -18.9142 -5.1142 2 -17.5 -5.602
4 16 -4.8788 -18.9142 2 -5.2765 -18.9142 0 -6 -17.5 0 -5.602 -17.5 2
4 16 0 -18.9142 5.2765 -2 -18.9142 4.8788 -2 -17.5 5.602 0 -17.5 6
4 16 0 -17.5 6 2.296 -17.5 5.543 .8163 -18.9142 5.1142 0 -18.9142 5.2765
2 24 2 -17.5 -5.602 0 -17.5 -6
2 24 0 -17.5 -6 -2.2962 -17.5 -5.5434
2 24 -2.2962 -17.5 -5.5434 -2.791 -17.5 -5.213
2 24 -5.213 -17.5 -2.791 -5.5434 -17.5 -2.2962
2 24 -5.5434 -17.5 -2.2962 -6 -17.5 0
2 24 -6 -17.5 0 -5.602 -17.5 2
2 24 -2 -17.5 5.602 0 -17.5 6
2 24 0 -17.5 6 2.2959 -17.5006 5.5427
5 24 -5.2765 -18.9142 0 -6 -17.5 0 -5.602 -17.5 2 -5.5434 -17.5 -2.2962
5 24 -4.875 -18.9142 -2.0193 -5.5434 -17.5 -2.2962 -5.213 -17.5 -2.791 -6 -17.5 0
5 24 -2.0193 -18.9142 -4.875 -2.2962 -17.5 -5.5434 -2.791 -17.5 -5.213 0 -17.5 -6
5 24 0 -18.9142 -5.2765 0 -17.5 -6 -2.2962 -17.5 -5.5434 .8163 -18.9142 -5.1142
5 24 0 -18.9142 5.2765 0 -17.5 6 -2 -17.5 5.602 2.2959 -17.5006 5.5427
4 16 -2 -17.5 4 -2 -17.5 5.602 -2 -18.9142 4.8788 -2 -19.2732 4
4 16 -2.5 -17.5 2.5 -2 -17.5 4 -2 -19.2732 4 -2.5 -19.7485 2.5
4 16 -2.5 -17.5 2.5 -2.5 -19.7485 2.5 -4 -19.2753 2 -4 -17.5 2
4 16 -4 -17.5 2 -4 -19.2753 2 -4.8788 -18.9142 2 -5.602 -17.5 2
4 16 -2.5 -17.5 -2.5 -5.213 -17.5 -2.791 -4.4163 -18.9142 -2.7055 -2.5 -19.7485 -2.5
4 16 -2.5 -17.5 -2.5 -2.5 -19.7485 -2.5 -2.7055 -18.9142 -4.4163 -2.791 -17.5 -5.213
2 24 -2.5 -19.7485 2.5 -4 -19.2753 2
2 24 -4.4163 -18.9142 -2.7055 -2.5 -19.7485 -2.5
2 24 -2.791 -17.5 -5.2127 -2.7055 -18.9142 -4.4163
2 24 -2.5 -19.7485 -2.5 -2.7055 -18.9142 -4.4163
2 24 -5.2127 -17.5 -2.791 -4.4163 -18.9142 -2.7055
2 24 -2 -19.2732 4 -2 -18.9142 4.8788
2 24 -2 -17.5 5.602 -2 -18.9142 4.8788
2 24 -2.5 -19.7485 2.5 -2 -19.2732 4
2 24 -4 -19.2753 2 -4.8788 -18.9142 2
2 24 -4.8788 -18.9142 2 -5.602 -17.5 2
2 24 -2.5 -19.7485 -2.5 -2.5 -17.5 -2.5
5 24 -2 -19.2732 4 -2 -17.5 4 -2 -17.5 5.602 -2.5 -17.5 2.5
5 24 -2.5 -19.7485 2.5 -2.5 -17.5 2.5 -2 -17.5 4 -4 -17.5 2
5 24 -4 -19.2753 2 -4 -17.5 2 -2.5 -17.5 2.5 -5.602 -17.5 2

4 16 -2.6337 -20 0 -2.2229 -20 -2.066 -4.875 -18.9142 -2.0193 -5.2765 -18.9142 0
4 16 -2.6337 -20 0 -5.2765 -18.9142 0 -4.8788 -18.9142 2 -4 -19.2753 2
3 16 -4 -19.2753 2 -2.2229 -20 2.066 -2.6337 -20 0
3 16 -4 -19.2753 2 -2.5 -19.7485 2.5 -2.2229 -20 2.066
4 16 -2.5 -19.7485 2.5 -2 -19.2732 4 -1.1546 -19.5527 3.8355 -2.2229 -20 2.066
3 16 -2 -19.2732 4 -2 -18.9142 4.8788 -1.1546 -19.5527 3.8355
4 16 0 -19.2346 4.6687 -1.1546 -19.5527 3.8355 -2 -18.9142 4.8788 0 -18.9142 5.2765
3 16 0 -19.2346 4.6687 0 -18.9142 5.2765 .8163 -18.9142 5.1142
3 16 -4.875 -18.9142 -2.0193 -2.2229 -20 -2.066 -4.4163 -18.9142 -2.7055
3 16 -2.5 -19.7485 -2.5 -4.4163 -18.9142 -2.7055 -2.2229 -20 -2.066
4 16 -1.1546 -19.5527 -3.8355 -2.7055 -18.9142 -4.4163 -2.5 -19.7485 -2.5 -2.2229 -20 -2.066
3 16 -2.0193 -18.9142 -4.875 -2.7055 -18.9142 -4.4163 -1.1546 -19.5527 -3.8355
4 16 -1.1546 -19.5527 -3.8355 0 -19.2346 -4.6687 0 -18.9142 -5.2765 -2.0193 -18.9142 -4.875
3 16 0 -19.2346 -4.6687 .8163 -18.9142 -5.1142 0 -18.9142 -5.2765
2 24 -1.1546 -19.5527 3.8355 0 -19.2346 4.6687
2 24 -2.2229 -20 2.066 -1.1546 -19.5527 3.8355
2 24 .8163 -18.9142 5.1142 1.901 -17.8786 5.4283
2 24 0 -19.2346 -4.6687 .8163 -18.9142 -5.1142
2 24 0 -19.2346 -4.6687 -1.1546 -19.5527 -3.8355
2 24 -2.6337 -20 0 -2.2229 -20 2.066
2 24 -2.2229 -20 -2.066 -2.6337 -20 0
2 24 -2.2229 -20 -2.066 -1.1546 -19.5527 -3.8355
2 24 .8163 -18.9142 5.1142 0 -19.2346 4.6687
2 24 .8163 -18.9142 5.1142 2.2959 -17.5006 5.5427
2 24 2 -17.5 -5.602 .8163 -18.9142 -5.1142
5 24 -2.5 -19.7485 2.5 -1.1546 -19.5527 3.8355 -2 -19.2732 4 -2.2229 -20 2.066
5 24 -4.4163 -18.9142 -2.7055 -2.2229 -20 -2.066 -4.875 -18.9142 -2.0193 -2.5 -19.7485 -2.5
5 24 -2 -18.9142 4.8788 -1.1546 -19.5527 3.8355 -2 -19.2732 4 0 -18.9142 5.2765
5 24 -1.1546 -19.5527 3.8355 -2 -19.2732 4 -2.2229 -20 2.066 -2 -18.9142 4.8788
5 24 .8163 -18.9142 -5.1142 0 -18.9142 -5.2765 2 -17.5 -5.602 0 -19.2346 -4.6687
5 24 -1.1546 -19.5527 -3.8355 -2.0193 -18.9142 -4.875 -2.7055 -18.9142 -4.4163 0 -19.2346 -4.6687
5 24 0 -18.9142 -5.2765 0 -19.2346 -4.6687 -2.0193 -18.9142 -4.875 .8163 -18.9142 -5.1142
5 24 -4.875 -18.9142 -2.0193 -5.2765 -18.9142 0 -5.5434 -17.5 -2.2962 -2.6337 -20 0
5 24 0 -18.9142 -5.2765 -2.0193 -18.9142 -4.875 0 -17.5 -6 -1.1546 -19.5527 -3.8355
5 24 -4.4163 -18.9142 -2.7055 -4.875 -18.9142 -2.0193 -2.2229 -20 -2.066 -5.2127 -17.5 -2.791
5 24 -2.2229 -20 -2.066 -2.5 -19.7485 -2.5 -4.4163 -18.9142 -2.7055 -1.1546 -19.5527 -3.8355
5 24 0 -19.2346 4.6687 0 -18.9142 5.2765 -1.1546 -19.5527 3.8355 .8163 -18.9142 5.1142
5 24 -2 -18.9142 4.8788 0 -18.9142 5.2765 0 -19.2346 4.6687 -2 -17.5 5.602
5 24 -2.0193 -18.9142 -4.875 -2.7055 -18.9142 -4.4163 -2.2962 -17.5 -5.5434 -1.1546 -19.5527 -3.8355
5 24 -4.875 -18.9142 -2.0193 -2.2229 -20 -2.066 -4.4163 -18.9142 -2.7055 -5.2765 -18.9142 0
5 24 0 -18.9142 5.2765 .8163 -18.9142 5.1142 0 -19.2346 4.6687 0 -17.5 6
5 24 -2.2229 -20 2.066 -4 -19.2753 2 -2.6337 -20 0 -2.5 -19.7485 2.5
5 24 -2.6337 -20 0 -5.2765 -18.9142 0 -2.2229 -20 -2.066 -4.8788 -18.9142 2
5 24 -5.2765 -18.9142 0 -4.8788 -18.9142 2 -4 -19.2753 2 -6 -17.5 0
5 24 -2.7055 -18.9142 -4.4163 -1.1546 -19.5527 -3.8355 -2.5 -19.7485 -2.5 -2.0193 -18.9142 -4.875
5 24 -2.5 -19.7485 2.5 -2.2229 -20 2.066 -4 -19.2753 2 -2 -19.2732 4

0 // Extended Axlehole
4 16 2.5 -32.1005 2.5 2.5 -17.5 2.5 5.213 -17.5 2.791 5.213 -30.9767 2.791
4 16 2 -17.5 -4 2 -17.5 -5.602 2 -26.2083 -4.6565 2 -29.6023 -4
3 16 2 -29.6023 -4 2.1396 -32.2497 -3.5812 2.5 -32.1005 -2.5
4 16 2.5 -32.1005 -2.5 2.5 -17.5 -2.5 2 -17.5 -4 2 -29.6023 -4
4 16 4 -31.4791 -2 4 -17.5 -2 2.5 -17.5 -2.5 2.5 -32.1005 -2.5
4 16 5.602 -30.8155 -2 5.6023 -17.5 -2 4 -17.5 -2 4 -31.4791 -2
4 16 6 -30.6507 0 6 -17.5 0 5.6023 -17.5 -2 5.602 -30.8155 -2
4 16 5.543 -30.84 2.296 5.5434 -17.5 2.2962 6 -17.5 0 6 -30.6507 0
4 16 5.213 -30.9767 2.791 5.213 -17.5 2.791 5.5434 -17.5 2.2962 5.543 -30.84 2.296
4 16 2.6576 -32.0352 3.9689 2.791 -17.5 5.213 2.5 -17.5 2.5 2.5 -32.1005 2.5
4 16 2.6576 -32.0352 3.9689 2.7119 -29.6047 4.4753 2.791 -22.0067 5.213 2.791 -17.5 5.213
3 16 2.2959 -17.5006 5.5427 2.791 -17.5 5.213 2.791 -22.0067 5.213
2 24 2.791 -22.0067 5.213 2.791 -17.5 5.213
2 24 2.5 -17.5 2.5 2.5 -32.1005 2.5
2 24 5.213 -30.9767 2.791 5.213 -17.5 2.791
2 24 5.602 -17.5 -2 5.602 -30.8155 -2
2 24 2 -17.5 -5.602 2 -26.2083 -4.6565
2 24 2 -29.6023 -4 2 -26.2083 -4.6565
2 24 2.1396 -32.2497 -3.5812 2 -29.6023 -4
2 24 2.2966 -17.503 5.5426 2.791 -22.0067 5.213
2 24 2.791 -22.0067 5.213 2.7119 -29.6047 4.4753
2 24 2.6576 -32.0352 3.9689 2.7119 -29.6047 4.4753
5 24 5.543 -30.84 2.296 5.543 -17.5 2.296 5.213 -30.9767 2.791 6 -17.5 0
5 24 2 -29.6023 -4 2 -17.5 -4 2.5 -32.1005 -2.5 2 -17.5 -5.602
5 24 4 -17.5 -2 4 -31.4791 -2 2.5 -17.5 -2.5 5.602 -30.8155 -2
5 24 6 -30.6507 0 6 -17.5 0 5.6023 -17.5 -2 5.543 -30.84 2.296
5 24 2.5 -32.1005 -2.5 2.5 -17.5 -2.5 2 -29.6023 -4 4 -31.4791 -2

0 // Conical Are
4 16 .5332 -32.9137 0 -2.6337 -20 0 -2.2229 -20 2.066 .8551 -32.7802 1.7836
4 16 1.7781 -32.3971 3.3111 .8551 -32.7802 1.7836 -2.2229 -20 2.066 -1.1546 -19.5527 3.8355
4 16 1.7781 -32.3971 3.3111 -1.1546 -19.5527 3.8355 0 -19.2346 4.6687 2.6576 -32.0352 3.9689
3 16 0 -19.2346 4.6687 .8163 -18.9142 5.1142 2.7119 -29.6047 4.4753
3 16 2.7119 -29.6047 4.4753 2.6576 -32.0352 3.9689 0 -19.2346 4.6687
3 16 2.7119 -29.6047 4.4753 .8163 -18.9142 5.1142 2.791 -22.0067 5.213
3 16 2.791 -22.0067 5.213 .8163 -18.9142 5.1142 2.2959 -17.5006 5.5427
4 16 .8551 -32.7802 -1.7836 -2.2229 -20 -2.066 -2.6337 -20 0 .5332 -32.9137 0
4 16 -2.2229 -20 -2.066 .8551 -32.7802 -1.7836 1.7781 -32.3971 -3.3111 -1.1546 -19.5527 -3.8355
4 16 0 -19.2346 -4.6687 -1.1546 -19.5527 -3.8355 1.7781 -32.3971 -3.3111 2.1396 -32.2497 -3.5812
3 16 2.1396 -32.2497 -3.5812 2 -29.6023 -4 0 -19.2346 -4.6687
3 16 0 -19.2346 -4.6687 2 -29.6023 -4 2 -26.2083 -4.6565
3 16 0 -19.2346 -4.6687 2 -26.2083 -4.6565 .8163 -18.9142 -5.1142
3 16 .8163 -18.9142 -5.1142 2 -26.2083 -4.6565 2 -17.5 -5.602
5 24 2.791 -22.0067 5.213 2.2959 -17.5006 5.5427 .8163 -18.9142 5.1142 2.791 -17.5 5.213
5 24 .8163 -18.9142 5.1142 2.7119 -29.6047 4.4753 0 -19.2346 4.6687 2.791 -22.0067 5.213
5 24 2.7119 -29.6047 4.4753 0 -19.2346 4.6687 2.6576 -32.0352 3.9689 .8163 -18.9142 5.1142
5 24 -2.2229 -20 -2.066 .8551 -32.7802 -1.7836 1.7781 -32.3971 -3.3111 -2.6337 -20 0
5 24 .5332 -32.9137 0 -2.6337 -20 0 -2.2229 -20 2.066 .8551 -32.7802 -1.7836
5 24 -2.2229 -20 2.066 .8551 -32.7802 1.7836 .5332 -32.9137 0 -1.1546 -19.5527 3.8355
5 24 -1.1546 -19.5527 3.8355 1.7781 -32.3978 3.3109 0 -19.2346 4.6687 .8551 -32.7802 1.7836
5 24 2 -26.2083 -4.6565 .8163 -18.9142 -5.1142 0 -19.2346 -4.6687 2 -17.5 -5.602
5 24 1.7781 -32.3978 -3.3109 -1.1546 -19.5527 -3.8355 -2.2229 -20 -2.066 2.1396 -32.2497 -3.5812
5 24 2 -26.2083 -4.6565 0 -19.2346 -4.6687 .8163 -18.9142 -5.1142 2 -29.6023 -4