0 ~Brick  2 x  4 with Triple Curved Top - Half
0 Name: s\7525s02.dat
0 Author: Rene Rechthaler [Blechtaler]
0 !LDRAW_ORG Subpart UPDATE 2026-03
0 !LICENSE Licensed under CC BY 4.0 : see CAreadme.txt

0 BFC CERTIFY CCW

0 !HISTORY 2026-03-31 [OrionP] Official Update 2026-03

0 // outside
1 16 20 20 0 20 0 0 0 4 0 0 0 -20 1-16cyli.dat
1 16 20 20 0 0 0 20 0 4 0 -20 0 0 1-16cyli.dat
1 16 20 20 20 20 0 0 0 0 -20 0 -1 0 1-4chrde.dat
1 16 40 22 10 0 -1 0 2 0 0 0 0 10 rect2a.dat
3 16 40 20 20 20 8 20 20 0 20
4 16 40 24 20 20 24 20 20 8 20 40 20 20
4 16 38.478 24 -7.654 38.478 20 -7.654 37.025 20 -9.829 37.025 24 -9.829
4 16 29.829 20 -17.025 27.654 20 -18.478 27.654 24 -18.478 29.829 24 -17.025
5 24 38.478 20 -7.654 38.478 24 -7.654 40 24 0 37.025 24 -9.829
5 24 27.654 20 -18.478 27.654 24 -18.478 29.829 24 -17.025 20 24 -20

0 // rear cutout
1 16 18 4 10 0 0 -2 0 4 0 2 0 0 box4-1.dat
1 16 10 4 2 2 0 0 0 4 0 0 0 2 box4-1.dat
2 24 20 24 20 20 8 20
2 24 20 24 0 20 24 20
4 16 20 8 16 20 8 20 20 24 20 20 24 0
4 16 20 8 16 20 24 0 20 4 0 20 4 16

0 // bottom
2 24 40 24 20 20 24 20
2 24 36 24 16 24 24 16
4 16 24 24 16 24 24 0 20 24 0 20 24 20
4 16 36 24 16 24 24 16 20 24 20 40 24 20
4 16 36 24 16 40 24 20 40 24 0 36 24 0
4 16 36 24 0 40 24 0 38.478 24 -7.654 34.7824 24 -6.1232
4 16 35.5434 24 -7.7038 38.478 24 -7.654 37.025 24 -9.829 35.829 24 -9.139
4 16 38.478 24 -7.654 35.5434 24 -7.7038 34.6348 24 -6.3442 34.7824 24 -6.1232
4 16 29.139 24 -15.829 29.829 24 -17.025 27.654 24 -18.478 27.7038 24 -15.5434
4 16 26.3442 24 -14.6348 27.7038 24 -15.5434 27.654 24 -18.478 26.1232 24 -14.7824
4 16 26.1232 24 -14.7824 27.654 24 -18.478 20 24 -20 20 24 -16
2 24 37.025 24 -9.829 38.478 24 -7.654
2 24 34.6348 24 -6.3442 34.7824 24 -6.1232
2 24 26.1232 24 -14.7824 26.3442 24 -14.6348
2 24 27.654 24 -18.478 29.829 24 -17.025
2 24 36 24 0 34.7824 24 -6.1232
2 24 20 24 -16 26.1232 24 -14.7824
1 16 20 24 0 20 0 0 0 1 0 0 0 -20 1-16edge.dat
1 16 20 24 0 20 0 0 0 -1 0 0 0 -20 1-16chrd.dat
1 16 20 24 0 0 0 20 0 1 0 -20 0 0 1-16edge.dat
1 16 20 24 0 0 0 20 0 -1 0 -20 0 0 1-16chrd.dat
1 16 20 24 0 4 0 0 0 -18 0 0 0 -4 1-4cylc.dat

0 // inside
4 16 33.5 11 16 36 18 16 36 18 0 33.5 11 0
4 16 33.5 11 16 33.5 11 0 29 7 0 29 7 16
4 16 24 6 16 29 7 16 29 7 0 24 6 0
4 16 33.5 11 16 29 7 16 24 6 16 36 18 16
4 16 24 24 16 36 24 16 36 18 16 24 6 16
1 16 36 21 8 0 1 0 3 0 0 0 0 8 rect2a.dat
1 16 24 15 8 0 -1 0 9 0 0 0 0 8 rect3.dat

4 16 36 24 0 34.7824 24 -6.1232 34.7824 18 -6.1232 36 18 0
4 16 36 18 0 34.7824 18 -6.1232 32.4727 11 -5.1665 33.5 11 0
4 16 29 7 0 33.5 11 0 32.4727 11 -5.1665 28.3151 7 -3.4443
4 16 24 6 0 29 7 0 28.3151 7 -3.4443 23.6956 6 -1.5308

4 16 34.7824 24 -6.1232 34.6348 24 -6.3442 34.6348 20 -6.3442 34.7824 18 -6.1232
4 16 34.6348 20 -6.3442 31.3136 20 -11.3136 31.3136 18 -11.3136 34.7824 18 -6.1232
4 16 32.4727 11 -5.1665 34.7824 18 -6.1232 31.3136 18 -11.3136 29.5459 11 -9.5459
4 16 28.3151 7 -3.4443 32.4727 11 -5.1665 29.5459 11 -9.5459 26.3639 7 -6.3639
4 16 23.6956 6 -1.5308 28.3151 7 -3.4443 26.3639 7 -6.3639 22.8284 6 -2.8284

4 16 26.3442 20 -14.6348 26.3442 24 -14.6348 26.1232 24 -14.7824 26.1232 18 -14.7824
4 16 26.3442 20 -14.6348 26.1232 18 -14.7824 31.3136 18 -11.3136 31.3136 20 -11.3136
4 16 29.5459 11 -9.5459 31.3136 18 -11.3136 26.1232 18 -14.7824 25.1665 11 -12.4727
4 16 26.3639 7 -6.3639 29.5459 11 -9.5459 25.1665 11 -12.4727 23.4443 7 -8.3151
4 16 22.8284 6 -2.8284 26.3639 7 -6.3639 23.4443 7 -8.3151 21.5308 6 -3.6956

4 16 26.1232 18 -14.7824 26.1232 24 -14.7824 20 24 -16 20 18 -16
4 16 25.1665 11 -12.4727 26.1232 18 -14.7824 20 18 -16 20 11 -13.5
4 16 23.4443 7 -8.3151 25.1665 11 -12.4727 20 11 -13.5 20 7 -9
4 16 21.5308 6 -3.6956 23.4443 7 -8.3151 20 7 -9 20 6 -4

2 24 33.5 11 16 36 18 16
2 24 29 7 16 24 6 16
2 24 29 7 16 33.5 11 16

5 24 29.5459 11 -9.5459 25.1665 11 -12.4727 31.3136 18 -11.3136 23.4443 7 -8.3151
5 24 23.4443 7 -8.3151 26.3639 7 -6.3639 21.5308 6 -3.6956 29.5459 11 -9.5459
5 24 23.4443 7 -8.3151 21.5308 6 -3.6956 22.8284 6 -2.8284 20 7 -9
5 24 32.4727 11 -5.1665 28.3151 7 -3.4443 29 7 0 29.5459 11 -9.5459
5 24 20 18 -16 20 11 -13.5 25.1665 11 -12.4727 -20 18 -16
5 24 23.4443 7 -8.3151 20 7 -9 25.1665 11 -12.4727 20 6 -4
5 24 28.3151 7 -3.4443 23.6956 6 -1.5308 26.3639 7 -6.3639 24 6 0
5 24 29 7 0 24 6 0 24 6 16 28.3151 7 -3.4443
5 24 32.4727 11 -5.1665 29.5459 11 -9.5459 34.7824 18 -6.1232 26.3639 7 -6.3639
5 24 20 11 -13.5 25.1665 11 -12.4727 26.1232 18 -14.7824 20 7 -9
5 24 26.1232 18 -14.7824 31.3136 18 -11.3136 31.3136 20 -11.3136 25.1665 11 -12.4727
5 24 36 18 16 36 18 0 33.5 11 0 36 24 0
5 24 26.1232 24 -14.7824 26.1232 18 -14.7824 20 24 -16 26.3442 20 -14.6348
5 24 34.7824 18 -6.1232 36 18 0 36 24 0 32.4727 11 -5.1665
5 24 34.7824 18 -6.1232 32.4727 11 -5.1665 33.5 11 0 31.3136 18 -11.3136
5 24 20 18 -16 20 24 -16 26.1232 18 -14.7824 -20 18 -16
5 24 20 6 -4 20 7 -9 -20 7 -9 21.5308 6 -3.6956
5 24 20 7 -9 20 11 -13.5 23.4443 7 -8.3151 -20 11 -13.5
5 24 33.5 11 16 33.5 11 0 36 18 16 29 7 0
5 24 26.1232 18 -14.7824 25.1665 11 -12.4727 29.5459 11 -9.5459 20 18 -16
5 24 31.3136 18 -11.3136 34.7824 18 -6.1232 29.5459 11 -9.5459 34.6348 20 -6.3442
5 24 26.3639 7 -6.3639 28.3151 7 -3.4443 32.4727 11 -5.1665 22.8284 6 -2.8284
5 24 36 18 0 33.5 11 0 33.5 11 16 34.7824 18 -6.1232
5 24 31.3136 20 -11.3136 31.3136 18 -11.3136 26.3442 20 -14.6348 34.7824 18 -6.1232
5 24 33.5 11 0 32.4727 11 -5.1665 36 18 0 28.3151 7 -3.4443
5 24 26.1232 18 -14.7824 20 18 -16 26.1232 24 -14.7824 20 11 -13.5
5 24 28.3151 7 -3.4443 29 7 0 33.5 11 0 23.6956 6 -1.5308
5 24 29 7 0 29 7 16 33.5 11 16 24 6 0
5 24 34.7824 24 -6.1232 34.7824 18 -6.1232 36 18 0 34.6348 24 -6.3442
5 24 31.3136 18 -11.3136 29.5459 11 -9.5459 26.1232 18 -14.7824 32.4727 11 -5.1665
5 24 33.5 11 0 29 7 0 29 7 16 32.4727 11 -5.1665
5 24 25.1665 11 -12.4727 23.4443 7 -8.3151 26.3639 7 -6.3639 20 11 -13.5
5 24 36 18 0 36 24 0 34.7824 24 -6.1232 36 24 16
5 24 26.3639 7 -6.3639 22.8284 6 -2.8284 23.4443 7 -8.3151 23.6956 6 -1.5308
5 24 29.5459 11 -9.5459 26.3639 7 -6.3639 25.1665 11 -12.4727 28.3151 7 -3.4443

0 // stud cutout
1 16 20 20 0 7.654 0 18.478 0 -1 0 -18.478 0 7.654 1-8ering.dat
1 16 35.0891 22 -7.024 0 1 -.4543 -2 0 0 0 0 .6798 rect3.dat
1 16 35.6862 22 -8.4214 0 1 .1428 2 0 0 0 0 -.7176 rect3.dat
1 16 36.427 22 -9.484 0 0 .598 2 0 0 0 1 -.345 rect3.dat
1 16 27.024 22 -15.0891 0 0 -.6798 -2 0 0 0 -1 .4543 rect3.dat
1 16 28.4214 22 -15.6862 0 0 .7176 2 0 0 0 -1 -.1428 rect3.dat
1 16 29.484 22 -16.427 0 -1 .345 2 0 0 0 0 -.598 rect3.dat
4 16 34.6348 20 -6.3442 35.5434 20 -7.7038 35.829 20 -9.139 31.3136 20 -11.3136
4 16 31.3136 20 -11.3136 35.829 20 -9.139 37.025 20 -9.829 34.142 20 -14.142
4 16 31.3136 20 -11.3136 34.142 20 -14.142 29.829 20 -17.025 29.139 20 -15.829
4 16 31.3136 20 -11.3136 29.139 20 -15.829 27.7038 20 -15.5434 26.3442 20 -14.6348
2 24 37.025 20 -9.829 34.142 20 -14.142
2 24 34.142 20 -14.142 29.829 20 -17.025
2 24 34.6348 20 -6.3442 31.3136 20 -11.3136
2 24 31.3136 20 -11.3136 26.3442 20 -14.6348
5 24 35.5434 24 -7.7038 35.5434 20 -7.7038 35.829 24 -9.139 34.6348 24 -6.3442
5 24 27.7038 24 -15.5434 27.7038 20 -15.5434 29.139 24 -15.829 26.3442 24 -14.6348

0 // stud holders
1 16 5 23.8 -4 1 0 0 0 17.8 0 0 0 -1 ridgea.dat
1 16 15 23.8 -4 1 0 0 0 17.8 0 0 0 -1 ridgea.dat
1 16 24 23.8 5 0 0 1 0 17.8 0 -1 0 0 ridgea.dat
1 16 5 6 -4 1 0 0 0 1 .2 0 0 -1 ridgee.dat
1 16 15 6 -4 1 0 0 0 1 .2 0 0 -1 ridgee.dat
1 16 24 6 5 0 0 1 0 1 .2 -1 0 0 ridgee.dat
1 16 5 23.8 -16 1 0 0 0 5.8 0 0 0 1 ridgea.dat
1 16 15 23.8 -16 1 0 0 0 5.8 0 0 0 1 ridgea.dat
1 16 36 23.8 5 0 0 -1 0 5.8 0 -1 0 0 ridgea.dat
1 16 5 18 -16 1 0 0 0 7 0 0 0 1 ridgesu.dat
1 16 15 18 -16 1 0 0 0 7 0 0 0 1 ridgesu.dat
1 16 36 18 5 0 0 -1 0 7 0 -1 0 0 ridgesu.dat

2 24 23.8057 23.8 -.9772 23.6956 23.8 -1.5308
2 24 23.6956 23.8 -1.5308 22.8284 23.8 -2.8284
2 24 21.5308 23.8 -3.6956 22.8284 23.8 -2.8284
2 24 20.9772 23.8 -3.8057 21.5308 23.8 -3.6956
2 24 20.9772 23.8 -3.8057 20.9772 6 -3.8057
2 24 23.8057 6 -.9772 23.8057 23.8 -.9772

2 24 27.1716 6.908 -4.3431 25.7574 6.8284 -5.7574
2 24 25.7574 6.8284 -5.7574 24.3431 6.908 -7.1716
2 24 24.8285 6.2452 -2 23.8057 6 -.9772
2 24 27.1716 6.908 -4.3431 24.8285 6.2452 -2
2 24 24.3431 6.908 -7.1716 22 6.2452 -4.8285
2 24 20.9772 6 -3.8057 22 6.2452 -4.8285

2 24 20.9772 23.8 -3.8057 24.3431 23.8 -7.1716
2 24 24.3431 23.8 -7.1716 24.3431 6.908 -7.1716
2 24 27.1716 6.908 -4.3431 27.1716 23.8 -4.3431
2 24 24.3431 23.8 -7.1716 27.1716 23.8 -4.3431
2 24 27.1716 23.8 -4.3431 23.8057 23.8 -.9772

3 16 20.9772 6 -3.8057 20.9772 23.8 -3.8057 22 6.2452 -4.8285
4 16 24.3431 6.908 -7.1716 22 6.2452 -4.8285 20.9772 23.8 -3.8057 24.3431 23.8 -7.1716
4 16 24.3431 6.908 -7.1716 24.3431 23.8 -7.1716 27.1716 23.8 -4.3431 25.7574 6.8284 -5.7574
3 16 25.7574 6.8284 -5.7574 27.1716 23.8 -4.3431 27.1716 6.908 -4.3431
4 16 23.8057 23.8 -.9772 24.8285 6.2452 -2 27.1716 6.908 -4.3431 27.1716 23.8 -4.3431
3 16 24.8285 6.2452 -2 23.8057 23.8 -.9772 23.8057 6 -.9772
3 16 24.3431 23.8 -7.1716 20.9772 23.8 -3.8057 21.5308 23.8 -3.6956
4 16 21.5308 23.8 -3.6956 22.8284 23.8 -2.8284 27.1716 23.8 -4.3431 24.3431 23.8 -7.1716
3 16 27.1716 23.8 -4.3431 22.8284 23.8 -2.8284 23.6956 23.8 -1.5308
3 16 27.1716 23.8 -4.3431 23.6956 23.8 -1.5308 23.8057 23.8 -.9772

2 24 1 18 -4 1 6 -4
2 24 1 6 -4 1 7 -9
2 24 1 7 -9 1 11 -13.5
2 24 1 11 -13.5 1 18 -16
4 16 1 6 -4 1 7 -9 1 11 -13.5 1 18 -16
3 16 1 6 -4 1 18 -16 1 18 -4