0 ~Brick Curved  2 x  2 x 1.667 without Patternable Surfaces
0 Name: s\7527s01.dat
0 Author: Gerald Lasser [GeraldLasser]
0 !LDRAW_ORG Subpart UPDATE 2026-04
0 !LICENSE Licensed under CC BY 4.0 : see CAreadme.txt

0 BFC CERTIFY CCW

0 !HISTORY 2026-04-27 [OrionP] Official Update 2026-04

4 16 16 40 -26 20 40 -30 -20 40 -30 -16 40 -26
4 16 -20 40 -30 -20 40 -10 -16 40 -14 -16 40 -26
4 16 16 40 -14 20 40 -10 20 40 -30 16 40 -26
4 16 16 40 -14 -16 40 -14 -20 40 -10 20 40 -10
1 16 0 40 -20 20 0 0 0 1 0 0 0 10 recte4.dat
1 16 0 40 -20 16 0 0 0 1 0 0 0 6 recte3.dat
0 BFC INVERTNEXT
1 16 0 37.5 -25.8 16 0 0 0 -2.5 0 0 0 -.2 box2-5.dat
1 16 0 26.65 -14 16 0 0 0 0 -13.35 0 1 0 rect3.dat
4 16 -16 35 -25.6 -16 35 -26 -16 40 -26 -16 40 -14
4 16 16 35 -25.6 16 40 -14 16 40 -26 16 35 -26
4 16 -16 26.2 -23.26 16 26.2 -23.26 16 35 -25.6 -16 35 -25.6
4 16 16 18 -18.56 16 26.2 -23.26 -16 26.2 -23.26 -16 18 -18.56
4 16 16 13.3 -14 16 18 -18.56 -16 18 -18.56 -16 13.3 -14
2 24 16 26.2 -23.26 16 35 -25.6
2 24 -16 26.2 -23.26 -16 35 -25.6
2 24 -16 26.2 -23.26 -16 18 -18.56
2 24 -16 18 -18.56 -16 13.3 -14
2 24 16 13.3 -14 16 18 -18.56
2 24 16 18 -18.56 16 26.2 -23.26
4 16 -16 13.3 -14 -16 18 -18.56 -16 26.2 -23.26 -16 40 -14
3 16 -16 26.2 -23.26 -16 35 -25.6 -16 40 -14
4 16 16 26.2 -23.26 16 18 -18.56 16 13.3 -14 16 40 -14
3 16 16 35 -25.6 16 26.2 -23.26 16 40 -14
5 24 16 18 -18.56 -16 18 -18.56 -16 26.2 -23.26 -16 13.3 -14
5 24 16 26.2 -23.26 -16 26.2 -23.26 -16 18 -18.56 -16 35 -25.6
4 16 -16 16 -10 16 16 -10 20 40 -10 -20 40 -10
3 16 16 16 -10 20 16 -10 20 40 -10
3 16 -20 40 -10 -20 16 -10 -16 16 -10
2 24 20 16 -10 20 40 -10
2 24 -20 40 -10 -20 16 -10

4 16 -20 16 -10 -20 16 10 -16 16 6 -16 16 -10
4 16 16 16 6 20 16 10 20 16 -10 16 16 -10
4 16 16 16 6 -16 16 6 -20 16 10 20 16 10
1 16 0 16 -2 16 0 0 0 1 0 0 0 8 recte3.dat
1 16 0 16 0 20 0 0 0 1 0 0 0 10 recte3.dat
1 16 0 10.13 6 16 0 0 0 0 -5.87 0 1 0 rect3.dat
2 24 20 16 -10 16 16 -10
2 24 -16 16 -10 -20 16 -10
1 16 0 12.9 -10 -16 0 0 0 0 -3.1 0 -1 0 rect3.dat

3 16 -16 16 6 -16 4.26 6 -16 6.8 -4
3 16 16 4.26 6 16 16 6 16 6.8 -4
4 16 16 9.8 -10 16 6.8 -4 16 16 6 16 16 -10
4 16 -16 6.8 -4 -16 9.8 -10 -16 16 -10 -16 16 6
2 24 16 9.8 -10 16 6.8 -4
2 24 16 6.8 -4 16 4.26 6
2 24 -16 6.8 -4 -16 9.8 -10
2 24 -16 6.8 -4 -16 4.26 6
4 16 -16 6.8 -4 16 6.8 -4 16 9.8 -10 -16 9.8 -10
4 16 16 4.26 6 16 6.8 -4 -16 6.8 -4 -16 4.26 6
5 24 -16 6.8 -4 16 6.8 -4 16 4.26 6 16 9.8 -10

1 16 -20 40 10 0 1 0 0 0 -40 -40 0 0 48\1-8chrd.dat
1 16 -20 40 10 0 1 0 -40 0 0 0 0 -40 48\1-8chrd.dat
1 16 20 40 10 0 -1 0 0 0 -40 -40 0 0 48\1-8chrd.dat
1 16 20 40 10 0 -1 0 -40 0 0 0 0 -40 48\1-8chrd.dat
1 16 -20 40 10 0 1 0 -40 0 0 0 0 -40 48\1-4edge.dat
1 16 20 40 10 0 -1 0 -40 0 0 0 0 -40 48\1-4edge.dat
4 16 20 40 -10 20 16 -10 20 11.716 -18.284 20 40 -30
4 16 20 0 10 20 11.716 -18.284 20 16 -10 20 16 10
4 16 -20 16 -10 -20 40 -10 -20 40 -30 -20 11.716 -18.284
4 16 -20 16 10 -20 16 -10 -20 11.716 -18.284 -20 0 10
1 16 0 8 10 -20 0 0 0 0 -8 0 -1 0 rect3.dat

1 16 0 11.9 -8 1.5 0 0 0 4.1 0 0 0 2 box2-5.dat
4 16 1.5 16 -10 1.5 16 -6 1.5 7.8 -6 1.5 9.8 -10
4 16 -1.5 7.8 -6 -1.5 16 -6 -1.5 16 -10 -1.5 9.8 -10
2 24 -1.5 16 -10 -1.5 9.8 -10
2 24 -1.5 9.8 -10 -1.5 7.8 -6
2 24 1.5 7.8 -6 1.5 9.8 -10
2 24 1.5 9.8 -10 1.5 16 -10

1 16 -10 11.9 -8 1.5 0 0 0 4.1 0 0 0 2 box2-5.dat
4 16 -8.5 16 -10 -8.5 16 -6 -8.5 7.8 -6 -8.5 9.8 -10
4 16 -11.5 7.8 -6 -11.5 16 -6 -11.5 16 -10 -11.5 9.8 -10
2 24 -11.5 16 -10 -11.5 9.8 -10
2 24 -11.5 9.8 -10 -11.5 7.8 -6
2 24 -8.5 7.8 -6 -8.5 9.8 -10
2 24 -8.5 9.8 -10 -8.5 16 -10

1 16 10 11.9 -8 1.5 0 0 0 4.1 0 0 0 2 box2-5.dat
4 16 11.5 16 -10 11.5 16 -6 11.5 7.8 -6 11.5 9.8 -10
4 16 8.5 7.8 -6 8.5 16 -6 8.5 16 -10 8.5 9.8 -10
2 24 8.5 16 -10 8.5 9.8 -10
2 24 8.5 9.8 -10 8.5 7.8 -6
2 24 11.5 7.8 -6 11.5 9.8 -10
2 24 11.5 9.8 -10 11.5 16 -10

1 16 0 6.8 0 1 0 0 0 -2.3 0 0 0 1 stud3a.dat
1 16 0 6.8 0 0 0 4 0 -1.016 0 -4 0 0 4-4cylse.dat

1 16 0 25 -20 1 0 0 0 -3.75 0 0 0 1 stud3a.dat
1 16 0 25 -20 0 0 4 0 -5.3 0 -4 0 0 4-4cyls.dat
2 24 -3.6956 17.9064 -18.4692 -2.8284 16.569 -17.1716
2 24 -2.8284 16.569 -17.1716 -1.5308 15.6751 -16.3044
2 24 -3.6956 23.1831 -21.5308 -4 20.5123 -20
2 24 -3.7137 18 -18.56 -4 20.5123 -20
2 24 -3.7137 18 -18.56 -3.6956 17.9064 -18.4692
2 24 -1.5308 27.8382 -23.6956 -2.1826 26.2 -23.26
2 24 1.5308 27.8382 -23.6956 0 28.9829 -24
2 24 0 28.9829 -24 -1.5308 27.8382 -23.6956
2 24 2.1826 26.2 -23.26 1.5308 27.8382 -23.6956
2 24 -2.1826 26.2 -23.26 -2.8284 25.447 -22.8284
2 24 -2.8284 25.447 -22.8284 -3.6956 23.1831 -21.5308
2 24 3.6956 23.1831 -21.5308 2.8284 25.447 -22.8284
2 24 2.8284 25.447 -22.8284 2.1826 26.2 -23.26
2 24 4 20.5123 -20 3.7137 18 -18.56
2 24 4 20.5123 -20 3.6956 23.1831 -21.5308
2 24 3.7137 18 -18.56 3.6956 17.9064 -18.4692
2 24 1.5308 15.6751 -16.3044 2.8284 16.569 -17.1716
2 24 3.6956 17.9064 -18.4692 2.8284 16.569 -17.1716
2 24 -1.5308 15.6751 -16.3044 0 15.3614 -16
2 24 1.5308 15.6751 -16.3044 0 15.3614 -16

3 16 1 34 -25.3341 1 34 -23.8012 1 28.2351 -23.8012
3 16 -1 34 -23.8012 -1 34 -25.3341 -1 28.2351 -23.8012
4 16 1 34 -25.3341 -1 34 -25.3341 -1 34 -23.8012 1 34 -23.8012
2 24 0 34 -24 -1 34 -23.8012
2 24 0 34 -24 1 34 -23.8012
2 24 1 34 -25.3341 -1 34 -25.3341
2 24 1 34 -25.3341 1 28.2351 -23.8012
2 24 -1 34 -25.3341 -1 28.2351 -23.8012
2 24 1 34 -25.3341 1 34 -23.8012
2 24 1 34 -23.8012 1 28.2351 -23.8012
2 24 -1 34 -25.3341 -1 34 -23.8012
2 24 -1 34 -23.8012 -1 28.2351 -23.8012

4 16 1 13.3 -14 1 15.5664 -16.1989 1 34 -16.1988 1 34 -14
4 16 -1 15.5664 -16.1989 -1 13.3 -14 -1 34 -14 -1 34 -16.1988
4 16 -1 34 -16.1988 -1 34 -14 1 34 -14 1 34 -16.1988
2 24 0 34 -16 -1 34 -16.1988
2 24 0 34 -16 1 34 -16.1988
2 24 1 34 -14 -1 34 -14
2 24 1 15.5664 -16.1989 1 13.3 -14
2 24 -1 13.3 -14 -1 15.5664 -16.1989
2 24 -1 34 -16.1988 -1 15.5664 -16.1989
2 24 -1 13.3 -14 -1 34 -14
2 24 -1 34 -16.1988 -1 34 -14
2 24 1 34 -16.1988 1 34 -14
2 24 1 34 -14 1 13.3 -14
2 24 1 34 -16.1988 1 15.5664 -16.1989