0 ~Plate  2 x  4 with  1 x  2 Cutout and Rounded Corners - Corner
0 Name: s\7531s02.dat
0 Author: Philippe Hurbain [Philo]
0 !LDRAW_ORG Subpart UPDATE 2026-04
0 !LICENSE Licensed under CC BY 4.0 : see CAreadme.txt

0 BFC CERTIFY CCW

0 !HISTORY 2026-04-27 [OrionP] Official Update 2026-04

1 16 0 0 0 20 0 0 0 1 0 0 0 20 1-4edge.dat
1 16 0 0 0 20 0 0 0 1 0 0 0 20 1-4chrd.dat
1 16 0 0 0 20 0 0 0 3 0 0 0 20 1-4cyli.dat
1 16 0 3 0 20 0 0 0 5 0 0 0 20 1-16cyli.dat
1 16 0 3 0 0 0 20 0 5 0 20 0 0 1-16cyli.dat
1 16 0 3 0 18.47759 0 -7.65367 0 1 0 7.65367 0 18.47759 1-8edge.dat
1 16 0 3 0 18.47759 0 -7.65367 0 -1 0 7.65367 0 18.47759 1-8chrd.dat
1 16 0 8 0 0 0 20 0 1 0 20 0 0 1-16edge.dat
1 16 0 8 0 0 0 20 0 -1 0 20 0 0 1-16chrd.dat
1 16 0 8 0 20 0 0 0 1 0 0 0 20 1-16edge.dat
1 16 0 8 0 20 0 0 0 -1 0 0 0 20 1-16chrd.dat
1 16 7.404 5.5 17.728 0 -1 -.25 -2.5 0 0 0 0 -.75 rect.dat
4 16 7.654 8 18.478 7.154 8 16.978 5.457 8 14.9149 0 8 20
3 16 5.457 8 14.9149 0 8 16 0 8 20
4 16 0 8 16 5.457 8 14.9149 5.457 3 14.9149 0 3 16
1 16 6.3055 5.5 15.9465 0 -1 -.8485 -2.5 0 0 0 0 -1.03155 rect3.dat
2 24 5.457 8 14.9149 0 8 16
1 16 17.728 5.5 7.404 .75 0 0 0 0 2.5 .25 -1 0 rect.dat
1 16 15.9465 5.5 6.3055 0 0 -1.03155 2.5 0 0 0 -1 -.8485 rect3.dat
4 16 14.9149 8 5.457 16.978 8 7.154 18.478 8 7.654 20 8 0
2 24 14.9149 8 5.457 16 8 0
3 16 16 8 0 14.9149 8 5.457 20 8 0
4 16 14.9149 3 5.457 14.9149 8 5.457 16 8 0 16 3 0
4 16 16.978 3 7.154 7.154 3 16.978 7.6536 3 18.4774 18.4776 3 7.6537
4 16 14.9149 3 5.457 5.457 3 14.9149 7.154 3 16.978 16.978 3 7.154
4 16 0 3 16 5.457 3 14.9149 14.9149 3 5.457 16 3 0
2 24 0 3 16 5.457 3 14.9149
2 24 14.9149 3 5.457 16 3 0