0 ~Plate  2 x  4 with  1 x  2 Cutout and Rounded Corners Half
0 Name: s\7531s01.dat
0 Author: Philippe Hurbain [Philo]
0 !LDRAW_ORG Subpart UPDATE 2026-04
0 !LICENSE Licensed under CC BY 4.0 : see CAreadme.txt

0 BFC CERTIFY CCW

0 !HISTORY 2026-04-27 [OrionP] Official Update 2026-04

1 16 20 0 0 1 0 0 0 1 0 0 0 1 s\7531s02.dat
1 16 30 0 10 5.54328 0 -2.2961 0 -1 0 2.2961 0 5.54328 1-8chrd.dat
1 16 30 8 -10 10 0 0 0 -8 0 0 0 -10 box4-4a.dat
0 BFC INVERTNEXT
1 16 30 8 -8 6 0 0 0 -5 0 0 0 -8 box4-4a.dat
1 16 30 3 0 1 0 0 0 -1.25 0 0 0 1 stud3.dat
4 16 36 8 -16 36 8 0 40 8 0 40 8 -20
4 16 24 8 -16 36 8 -16 40 8 -20 20 8 -20
4 16 24 8 0 24 8 -16 20 8 -20 20 8 0
1 16 24.2724 3 4.2724 -.6364 0 1.48492 0 5 0 .6364 0 1.48492 box4-3p.dat
2 24 24 3 0 23.4239 3 2.1511
2 24 23.4239 8 2.1511 24 8 0
4 16 23.4239 8 2.1511 23.4239 3 2.1511 24 3 0 24 8 0
5 24 24 3 0 24 8 0 23.4239 8 2.1511 24 8 -16
2 24 22.1511 3 3.4239 20 3 4
2 24 20 8 4 22.1511 8 3.4239
4 16 20 3 4 22.1511 3 3.4239 22.1511 8 3.4239 20 8 4
5 24 20 8 4 20 3 4 22.1511 8 3.4239 4 8 4
4 16 20 8 4 22.1511 8 3.4239 23.4239 8 2.1511 24 8 0
3 16 24 8 0 20 8 0 20 8 4
2 24 25.121 3 6.3938 26.3938 3 5.121
2 24 20 0 0 20 8 0
4 16 24 3 0 23.42388 3 2.15108 26.39372 3 5.12092 36 3 0
4 16 36 3 0 26.39372 3 5.12092 25.12092 3 6.39372 20 3 16
4 16 20 3 4 20 3 16 25.12092 3 6.39372 22.15108 3 3.42388
3 16 20 0 0 40 0 0 20 0 20
1 16 30 0 10 6 0 0 0 -1 0 0 0 6 1-4chrd.dat