0 ~Slope Brick Curved  2 x  2 with Two Cutouts without Top Surface
0 Name: s\7821s01.dat
0 Author: Philippe Hurbain [Philo]
0 !LDRAW_ORG Subpart UPDATE 2026-04
0 !LICENSE Licensed under CC BY 4.0 : see CAreadme.txt

0 BFC CERTIFY CCW

0 !HISTORY 2026-04-27 [OrionP] Official Update 2026-04

0 // Top Surface conds
5 24 20 -15.6524 12.616 -20 -15.6524 12.616 -20 -16 20 -20 -14.6036 5.36
5 24 20 -14.6036 5.36 -20 -14.6036 5.36 -20 -15.6524 12.616 -20 -13.2874 0
5 24 19.176 -12.8827 -1.648 -19.176 -12.8827 -1.648 -20 -13.2874 0 -15.858 -10.5099 -8.284
5 24 15.858 -10.5099 -8.284 -15.858 -10.5099 -8.284 -19.176 -12.8827 -1.648 -12.782 -7.5316 -14.436
5 24 12.782 -7.5316 -14.436 -12.782 -7.5316 -14.436 -15.858 -10.5099 -8.284 -10 -4 -20

1 16 0 -13 10 1 0 0 0 -1.25 0 0 0 1 stud3.dat
1 16 0 0 0 1 0 0 0 1 0 0 0 1 s\7821s02.dat
1 16 0 0 0 -1 0 0 0 1 0 0 0 1 s\7821s02.dat

1 16 0 -10.5 16 0 0 -16 -2.5 0 0 0 1 0 rect.dat
1 16 0 -12 20 20 0 0 0 0 4 0 -1 0 rect.dat
4 16 20 -8 20 16 -8 16 -16 -8 16 -20 -8 20
4 16 -16 -13 16 16 -13 16 16 -13 4 -16 -13 4
1 16 0 -5.5 0 16 0 0 0 0 5.5 0 -1 0 rect.dat
1 16 0 -8 2 1.5 0 0 0 -1 0 0 0 -2 rect3.dat
1 16 0 -10.5 4 -1.5 0 0 0 0 -2.5 0 -1 0 rect.dat
4 16 -16 -13 4 16 -13 4 16 -11 0 -16 -11 0
4 16 13.5279 -4 -4 13.5279 -8 -4 -13.5279 -8 -4 -13.5279 -4 -4
4 16 18 0 -4 13.5279 -4 -4 -13.5279 -4 -4 -18 0 -4
2 24 18 0 -4 -18 0 -4
4 16 16 0 0 18 0 -4 -18 0 -4 -16 0 0
2 24 13.5279 -8 -4 -13.5279 -8 -4
4 16 -10.9111 0 -18.1777 10.9111 0 -18.1777 10 0 -20 -10 0 -20
1 16 0 -2 -20 0 0 -10 -2 0 0 0 1 0 rect.dat
4 16 -13.5279 -8 -4 13.5279 -8 -4 7.7807 -4 -15.4944 -7.7807 -4 -15.4944
4 16 7.7807 -4 -15.4944 2.5 -4 -16 -2.5 -4 -16 -7.7807 -4 -15.4944
2 24 6.5557 0 -16 -6.5557 0 -16
4 16 -6.5557 0 -16 6.5557 0 -16 10.9111 0 -18.1777 -10.9111 0 -18.1777
2 24 -2.5 -4 -16 2.5 -4 -16
4 16 -6.6675 -.2 -16 6.6675 -.2 -16 6.5557 0 -16 -6.5557 0 -16
4 16 -6.6675 -.2 -16 -2.5 -4 -16 2.5 -4 -16 6.6675 -.2 -16
5 24 16 -13 4 -16 -13 4 16 -11 0 -16 -13 16
5 24 -7.7807 -4 -15.4944 7.7807 -4 -15.4944 2.5 -4 -16 -13.5279 -8 -4