0 ~Tile  2 x  2 Cut Left without Top Surface
0 Name: s\7828s01.dat
0 Author: Magnus Forsberg [MagFors]
0 !LDRAW_ORG Subpart UPDATE 2026-03
0 !LICENSE Licensed under CC BY 4.0 : see CAreadme.txt

0 BFC CERTIFY CCW

0 !HISTORY 2026-03-31 [OrionP] Official Update 2026-03

1 16 -10 3.5 0 0 -10 0 -3.5 0 0 0 0 -20 box2-5.dat
1 16 -.75 3.5 18.5 0 19.25 0 -3.5 0 0 0 0 1.5 box2-7.dat
2 24 -16 3 16 -16 3 -16
2 24 -16 3 -16 -2 3 -16
2 24 12.136 3 16 -16 3 16
2 24 -16 8 16 -16 8 -16
2 24 -16 8 -16 -2 8 -16
2 24 12.136 8 16 -16 8 16
2 24 -16 8 16 -16 3 16
2 24 -16 8 -16 -16 3 -16
2 24 -2 8 -16 -2 3 -16
4 16 -16 8 16 -16 3 16 -16 3 -16 -16 8 -16
4 16 -16 8 -16 -16 3 -16 -2 3 -16 -2 8 -16
4 16 12.136 8 16 12.136 3 16 -16 3 16 -16 8 16

4 16 -2 8 -16 -.618 8 -19 -19 8 -19 -16 8 -16
4 16 -16 8 -16 -19 8 -19 -19 8 19 -16 8 16
4 16 -16 8 16 -19 8 19 17.5 8 19 12.136 8 16

1 16 0 3 0 0 0 -1 0 -1.25 0 1 0 0 2-4stud4.dat
1 16 0 3 0 0 0 1 0 -1.25 0 1 0 0 3-16stud4.dat
0 BFC INVERTNEXT
1 16 0 8 0 0 0 6 0 -5 0 -6 0 0 5-16cylo.dat
1 16 0 3 0 6 0 0 0 -1 0 0 0 6 4-4disc.dat
1 16 0 3 0 0 0 -8 0 -1 0 8 0 0 2-4ndis.dat
1 16 0 3 0 0 0 8 0 -1 0 8 0 0 3-16tndis.dat
4 16 12.136 3 16 8.15 3 4.3 7.3912 3 3.0616 7.3912 3 8
4 16 12.136 3 16 7.3912 3 8 0 3 8 -16 3 16
3 16 -16 3 16 0 3 8 -8 3 8
3 16 -16 3 16 -8 3 8 -8 3 0
4 16 -16 3 -16 -16 3 16 -8 3 0 -8 3 -8
4 16 -8 3 -8 0 3 -8 -2 3 -16 -16 3 -16
4 16 1.2313 3 -9.528 -2 3 -16 0 3 -8 1.005 3 -8.4503
1 16 0 8 0 6 0 0 0 -1 0 0 0 -6 1-4tang.dat
1 16 0 8 0 6 0 0 0 -1 0 0 0 6 1-16tndis.dat
3 16 5.5434 8 2.2962 7.3912 8 3.0616 6 8 2.2962
3 16 6 8 2.2962 7.3912 8 3.0616 6 8 0
4 16 10.4556 8 3.1472 6 8 -1.1934 6 8 0 7.3912 8 3.0616
4 16 5.6867 8 -5.6867 5.0868 8 -3.399 5.5434 8 -2.2962 6.3055 8 -5.1529
3 16 5.0868 8 -3.399 5.6867 8 -5.6867 4.2426 8 -4.2426
4 16 3.399 8 -5.0868 4.2426 8 -4.2426 5.6867 8 -5.6867 3.9 8 -5.6867
4 16 3.9 8 -10 1.2313 8 -9.528 3.399 8 -5.0868 3.9 8 -5.6867
3 16 1.005 8 -8.4503 1.1934 8 -6 2.2962 8 -5.5434
4 16 3.399 8 -5.0868 1.2313 8 -9.528 1.005 8 -8.4503 2.2962 8 -5.5434
4 16 1.005 8 -8.4503 0 8 -8 0 8 -6 1.1934 8 -6

2 24 18.5 0 17 0 0 -20
2 24 18.5 7 17 18.5 0 17

4 16 12.136 8 16 17.5 8 19 17.6056 8 17.4472 15.9356 8 14.1072
3 16 -.618 8 -19 -2 8 -16 3.9 8 -10
3 16 3.9 8 -10 -2 8 -16 1.2313 8 -9.528
3 16 7.3912 8 3.0616 8.15 8 4.3 10.4556 8 3.1472
4 16 5.5434 8 -2.2962 6 8 -1.1934 10.4556 8 3.1472 6.3055 8 -5.1529
4 16 6.3055 8 -5.1529 10.4556 8 3.1472 10.4556 7 3.1472 6.3055 7 -5.1529
4 16 11.35 7 2.7 7.7778 7 -4.4444 6.3055 7 -5.1529 10.4556 7 3.1472
2 24 16.8255 7 13.6511 18.5 7 17
2 24 11.35 3 2.7 16.8255 3 13.6511

2 24 8.15 8 4.3 8.15 3 4.3
2 24 8.15 3 4.3 11.35 3 2.7
2 24 11.35 7 2.7 10.4556 7 3.1472
2 24 11.35 3 2.7 11.35 7 2.7
2 24 10.4556 8 3.1472 8.15 8 4.3
2 24 10.4556 7 3.1472 10.4556 8 3.1472
4 16 10.4556 7 3.1472 10.4556 8 3.1472 8.15 8 4.3 8.15 3 4.3
4 16 10.4556 7 3.1472 8.15 3 4.3 11.35 3 2.7 11.35 7 2.7

2 24 12.136 3 16 12.136 8 16
2 24 16.8255 3 13.6511 16.8255 7 13.6511
2 24 15.9356 8 14.1072 12.136 8 16
2 24 16.8255 3 13.6511 12.136 3 16
4 16 15.9311 7 14.0983 16.8255 7 13.6511 16.8255 3 13.6511 12.136 3 16
4 16 15.9311 7 14.0983 12.136 3 16 12.136 8 16 15.9356 8 14.1072
4 16 16.8255 3 13.6511 11.35 3 2.7 8.15 3 4.3 12.136 3 16
1 16 10 3 -10 -6.1 0 0 0 -1 0 0 0 6.1 1-8chrd.dat
0 BFC INVERTNEXT
1 16 10 3 -10 -6.1 0 0 0 4 0 0 0 6.1 1-8cyli.dat
0 BFC INVERTNEXT
1 16 10 7 -10 -6.1 0 0 0 1 0 0 0 6.1 1-8cyli.dat
1 16 10 3 -10 -6.1 0 0 0 1 0 0 0 6.1 1-8edge.dat
1 16 10 8 -10 -6.1 0 0 0 1 0 0 0 6.1 1-8edge.dat
1 16 10 8 -10 -6.1 0 0 0 -1 0 0 0 6.1 1-8tndis.dat
5 24 6.3055 3 -5.1529 6.3055 7 -5.1529 7.7778 3 -4.4444 5.6867 3 -5.6867
5 24 1.005 3 -8.4503 1.005 8 -8.4503 0 3 -8 1.2313 3 -9.528
5 24 0 3 -8 0 8 -8 1.005 3 -8.4503 -3.0616 3 -7.3912
5 24 5.68669 7 -5.68669 5.68669 3 -5.68669 6.3055 7 -5.1529 4.36421 7 -7.66553
5 24 5.68669 8 -5.68669 5.68669 7 -5.68669 6.3055 8 -5.1529 4.36421 8 -7.66553
5 24 3.9 7 -10 3.9 3 -10 4.2857 7 -11.4286 4.36421 7 -7.66553

2 24 7.7778 7 -4.4444 7.7778 3 -4.4444
2 24 7.7778 7 -4.4444 6.3055 7 -5.1529
2 24 6.3055 3 -5.1529 5.6867 3 -5.6867
2 24 7.7778 3 -4.4444 6.3055 3 -5.1529
4 16 7.7778 3 -4.4444 6.3055 3 -5.1529 6.3055 7 -5.1529 7.7778 7 -4.4444

2 24 4.2857 3 -11.4286 4.2857 7 -11.4286
2 24 4.2857 3 -11.4286 3.9 3 -10
2 24 4.2857 7 -11.4286 3.9 7 -10
4 16 3.9 3 -10 4.2857 3 -11.4286 4.2857 7 -11.4286 3.9 7 -10

2 24 7.7778 3 -4.4444 4.2857 3 -11.4286
3 16 3.9 3 -10 5.6867 3 -5.6867 6.3055 3 -5.1529
4 16 7.7778 3 -4.4444 4.2857 3 -11.4286 3.9 3 -10 6.3055 3 -5.1529

4 16 4.2857 7 -11.4286 4.2857 3 -11.4286 0 0 -20 0 7 -20
3 16 7.7778 3 -4.4444 0 0 -20 4.2857 3 -11.4286
4 16 11.35 3 2.7 18.5 0 17 0 0 -20 7.7778 3 -4.4444
4 16 11.35 3 2.7 7.7778 3 -4.4444 7.7778 7 -4.4444 11.35 7 2.7
3 16 16.8255 3 13.6511 18.5 0 17 11.35 3 2.7
4 16 16.8255 7 13.6511 18.5 7 17 18.5 0 17 16.8255 3 13.6511
2 24 15.9311 7 14.0983 16.8255 7 13.6511
2 24 15.9356 8 14.1072 15.9311 7 14.0983
2 24 15.9356 8 14.1072 17.6056 8 17.4472
2 24 17.6056 8 17.4472 17.5 8 19
2 24 17.5 8 19 -19 8 19
2 24 17.6056 8 17.4472 17.6056 7 17.4472
2 24 17.5 8 19 17.5 7 19
2 24 -19 8 -19 -.618 8 -19
2 24 -19 8 -19 -19 8 19
2 24 -19 8 19 -19 7 19
2 24 -19 7 -19 -19 8 -19
2 24 -19 7 -19 -19 7 19
2 24 -19 7 19 17.5 7 19
2 24 17.5 7 19 17.6056 7 17.4472
2 24 17.6056 7 17.4472 15.9311 7 14.0983
4 16 18.5 7 17 16.8255 7 13.6511 15.9311 7 14.0983 17.6056 7 17.4472
4 16 18.5 7 20 18.5 7 17 17.6056 7 17.4472 17.5 7 19
4 16 17.5 8 19 17.5 7 19 17.6056 7 17.4472 17.6056 8 17.4472
4 16 17.6056 8 17.4472 17.6056 7 17.4472 15.9311 7 14.0983 15.9356 8 14.1072
4 16 18.5 7 20 17.5 7 19 -19 7 19 -20 7 20
4 16 17.5 7 19 17.5 8 19 -19 8 19 -19 7 19
4 16 -19 7 19 -19 8 19 -19 8 -19 -19 7 -19
4 16 -20 7 20 -19 7 19 -19 7 -19 -20 7 -20

2 24 -2 8 -16 1.2313 8 -9.528
2 24 1.005 8 -8.4503 0 8 -8
2 24 1.2313 8 -9.528 1.005 8 -8.4503
5 24 1.2313 3 -9.528 1.2313 8 -9.528 1.005 3 -8.4503 -2 3 -16
2 24 1.005 3 -8.4503 0 3 -8
2 24 1.2313 3 -9.528 1.005 3 -8.4503
2 24 1.2313 3 -9.528 -2 3 -16
4 16 1.2313 8 -9.528 -2 8 -16 -2 3 -16 1.2313 3 -9.528
4 16 0 8 -8 1.005 8 -8.4503 1.005 3 -8.4503 0 3 -8
4 16 1.005 8 -8.4503 1.2313 8 -9.528 1.2313 3 -9.528 1.005 3 -8.4503
4 16 7.3912 8 3.0616 7.3912 3 3.0616 8.15 3 4.3 8.15 8 4.3
2 24 8.15 3 4.3 7.3912 3 3.0616
2 24 7.3912 3 3.0616 7.3912 8 3.0616
2 24 8.15 8 4.3 7.3912 8 3.0616

2 24 -.618 8 -19 -.618 7 -19
2 24 -.618 7 -19 -19 7 -19
4 16 -19 7 -19 -19 8 -19 -.618 8 -19 -.618 7 -19
4 16 -20 7 -20 -19 7 -19 -.618 7 -19 0 7 -20
2 24 5.6867 8 -5.6867 6.3055 8 -5.1529
2 24 6.3055 8 -5.1529 6.3055 7 -5.1529
2 24 3.9 8 -10 3.9 7 -10
4 16 -.618 7 -19 -.618 8 -19 3.9 8 -10 3.9 7 -10
4 16 -.618 7 -19 3.9 7 -10 4.2857 7 -11.4286 0 7 -20
2 24 0 7 -20 4.2857 7 -11.4286
2 24 -.618 7 -19 3.9 7 -10
2 24 -.618 8 -19 3.9 8 -10
2 24 7.7778 7 -4.4444 11.35 7 2.7
2 24 6.3055 7 -5.1529 10.4556 7 3.1472
2 24 6.3055 8 -5.1529 10.4556 8 3.1472
4 16 6.3055 3 -5.1529 5.6867 3 -5.6867 5.6867 7 -5.6867 6.3055 7 -5.1529
4 16 5.6867 8 -5.6867 6.3055 8 -5.1529 6.3055 7 -5.1529 5.6867 7 -5.6867