0 ~Plate  4 x  4 with Rounded Corners and 9 Holes - Quarter
0 Name: s\7864s01.dat
0 Author: Rene Rechthaler [Blechtaler]
0 !LDRAW_ORG Subpart UPDATE 2026-03
0 !LICENSE Licensed under CC BY 4.0 : see CAreadme.txt

0 BFC CERTIFY CCW

0 !HISTORY 2026-03-31 [OrionP] Official Update 2026-03

1 16 20 4 0 1 0 0 0 -1 0 0 0 1 stud4h.dat
1 16 20 0 0 6 0 0 0 1 0 0 0 6 4-4ndis.dat
1 16 20 4 0 8 0 0 0 -1 0 0 0 8 4-4ndis.dat
1 16 20 0 20 6 0 0 0 1 0 0 0 6 4-4ndis.dat
1 16 20 0 20 6 0 0 0 1 0 0 0 6 4-4edge.dat
0 BFC INVERTNEXT
1 16 20 0 20 6 0 0 0 4 0 0 0 6 4-4cyli.dat
1 16 20 4 20 8 0 0 0 -1 0 0 0 8 4-4ndis.dat
1 16 20 4 20 1 0 0 0 -1 0 0 0 1 stud4f5n.dat

0 // curved corner with stud cutout (made from s\79387s02.dat)
1 16 30 0 30 6 0 0 0 -1 0 0 0 6 1-4chrd.dat
1 16 20 0 20 20 0 0 0 1 0 0 0 20 1-4chrd.dat
1 16 20 0 20 20 0 0 0 1 0 0 0 20 1-4edge.dat
1 16 20 0 20 20 0 0 0 4 0 0 0 20 1-4cyli.dat
1 16 20 4 20 18.47759 0 -7.65367 0 1 0 7.65367 0 18.47759 1-8edge.dat
1 16 20 4 20 18.47759 0 -7.65367 0 -1 0 7.65367 0 18.47759 1-8chrd.dat
1 16 20 4 20 20 0 0 0 4 0 0 0 20 1-16cyli.dat
1 16 20 4 20 0 0 20 0 4 0 20 0 0 1-16cyli.dat
1 16 20 8 20 0 0 20 0 1 0 20 0 0 1-16edge.dat
1 16 20 8 20 0 0 20 0 -1 0 20 0 0 1-16chrd.dat
1 16 20 8 20 20 0 0 0 1 0 0 0 20 1-16edge.dat
1 16 20 8 20 20 0 0 0 -1 0 0 0 20 1-16chrd.dat

1 16 27.404 6 37.728 -.25 -1 0 0 0 2 -.75 0 0 rect.dat
1 16 26.3055 6 35.9465 .8485 -1 0 0 0 2 1.0315 0 0 rect2p.dat
1 16 23.2285 6 35.4575 -2.2285 0 0 0 0 2 .5425 1 0 rect.dat
1 16 37.728 6 27.404 .75 0 0 0 0 2 .25 -1 0 rect.dat
1 16 35.9465 6 26.3055 -1.0315 0 0 0 0 2 -.8485 -1 0 rect2p.dat
1 16 35.4575 6 23.2285 -.5425 1 0 0 0 2 2.2285 0 0 rect.dat

1 16 40 2 0 0 -1 0 -2 0 0 0 0 20 rect1.dat
1 16 40 6 0 0 -1 0 2 0 0 0 0 20 rect1.dat
1 16 36 6 0 0 1 0 -2 0 0 0 0 19 rect.dat
1 16 32 4 20 4 0 0 0 4 0 0 0 1 box3u8p.dat
1 16 20 4 32 0 0 1 0 4 0 4 0 0 box3u8p.dat

0 // bottom filler faces
4 16 40 8 -20 36 8 -19 36 8 19 40 8 20
4 16 38.478 8 27.654 40 8 20 36 8 19 36 8 21
4 16 36.978 8 27.154 38.478 8 27.654 36 8 21 34.915 8 25.457
4 16 27.654 8 38.478 27.154 8 36.978 25.457 8 34.915 21 8 36
4 16 20 8 40 27.654 8 38.478 21 8 36 19 8 36

4 16 28 4 28 21 4 28 21 4 36 25.457 4 34.915
4 16 34.915 4 25.457 36 4 21 28 4 21 28 4 28
4 16 27.154 4 36.978 27.654 4 38.478 38.478 4 27.654 36.978 4 27.154
4 16 25.457 4 34.915 27.154 4 36.978 36.978 4 27.154 34.915 4 25.457
3 16 34.915 4 25.457 28 4 28 25.457 4 34.915

3 16 28 4 12 28 4 19 36 4 19
3 16 28 4 12 36 4 19 28 4 8
3 16 28 4 8 36 4 19 28 4 0
4 16 28 4 -8 28 4 0 36 4 19 36 4 -19
4 16 20 4 12 28 4 12 28 4 8 20 4 8
4 16 12 4 12 20 4 12 20 4 8 12 4 8
4 16 8 4 12 12 4 12 12 4 8 8 4 8
4 16 8 4 8 12 4 8 12 4 0 8 4 0
4 16 8 4 0 12 4 0 12 4 -8 8 4 -8
4 16 12 4 12 8 4 12 8 4 20 12 4 20
4 16 12 4 28 12 4 20 8 4 20 8 4 28
3 16 12 4 28 8 4 28 19 4 36
3 16 12 4 28 19 4 36 19 4 28

0 // top filler faces
4 16 6 0 0 6 0 -6 14 0 -6 14 0 0
4 16 6 0 0 14 0 0 14 0 6 6 0 6
4 16 6 0 6 14 0 6 14 0 14 6 0 14
4 16 6 0 14 14 0 14 14 0 20 6 0 20
4 16 6 0 20 14 0 20 14 0 26 6 0 26
4 16 14 0 14 14 0 6 20 0 6 20 0 14
4 16 20 0 14 20 0 6 26 0 6 26 0 14
4 16 26 0 0 26 0 -6 40 0 -20 40 0 20
3 16 26 0 6 26 0 0 40 0 20
3 16 26 0 6 40 0 20 26 0 14
3 16 26 0 14 40 0 20 26 0 20
3 16 26 0 20 40 0 20 26 0 26
3 16 26 0 26 40 0 20 20 0 40
3 16 26 0 26 20 0 40 20 0 26
3 16 20 0 26 20 0 40 14 0 26
3 16 14 0 26 20 0 40 6 0 26