0 ~Slope Brick Curved  3 x  4 x  0.667 without Top
0 Name: s\8235s01.dat
0 Author: Philippe Hurbain [Philo]
0 !LDRAW_ORG Subpart UPDATE 2026-05
0 !LICENSE Licensed under CC BY 4.0 : see CAreadme.txt

0 BFC CERTIFY CCW

0 !HISTORY 2026-05-31 [OrionP] Official Update 2026-05

1 16 0 0 0 1 0 0 0 1 0 0 0 1 s\8235s02.dat
1 16 0 0 0 -1 0 0 0 1 0 0 0 1 s\8235s02.dat
1 16 0 16 -10 36 0 0 0 1 0 0 0 16 recte4.dat
1 16 0 16 -10 40 0 0 0 1 0 0 0 -20 recte3.dat
1 16 0 4 30 40 0 0 0 0 -4 0 -1 0 rect3.dat
1 16 0 12 10 40 0 0 0 0 4 0 -1 0 recte3.dat
1 16 0 8 20 40 0 0 0 1 0 0 0 10 recte3.dat
1 16 0 14 -30 40 0 0 0 0 -2 0 1 0 rect3.dat
4 16 -40 8 30 40 8 30 36 8 26 -36 8 26
4 16 -40 16 10 40 16 10 36 16 6 -36 16 6
4 16 36 16 -26 40 16 -30 -40 16 -30 -36 16 -26
1 16 0 10.4 6 36 0 0 0 0 -5.6 0 1 0 rect3.dat
4 16 40 16 10 -40 16 10 -40 8 10 40 8 10
1 16 0 3 20 1 0 0 0 -1.25 0 0 0 1 stug3-1x3.dat
4 16 -36 3 26 36 3 26 36 3 14 -36 3 14
4 16 -36 3 14 36 3 14 36 5 10 -36 5 10
5 24 36 3 14 -36 3 14 36 5 10 -36 3 26
1 16 0 6.5 10 -36 0 0 0 0 -1.5 0 -1 0 rect3.dat
1 16 0 5.5 26 0 0 -36 -2.5 0 0 0 1 0 rect.dat
1 16 0 8 12 1.5 0 0 0 -1 0 0 0 -2 rect3.dat
1 16 0 5.5 14 -1.5 0 0 0 0 -2.5 0 -1 0 rect.dat
4 16 -36 11.45 -22 -36 10.1 -18 36 10.1 -18 36 11.45 -22
2 24 36 12.8 -26 -36 12.8 -26
4 16 -36 12.8 -26 36 12.8 -26 36 16 -26 -36 16 -26
4 16 -36 10.1 -18 -36 6 -2 36 6 -2 36 10.1 -18
4 16 -36 4.8 6 36 4.8 6 36 6 -2 -36 6 -2
4 16 -7.7038 12.6459 -25.5434 7.7038 12.6459 -25.5434 10 12.8 -26 -10 12.8 -26
4 16 4.8402 12 -23.6296 7.7038 12.6459 -25.5434 -7.7038 12.6459 -25.5434 -4.8402 12 -23.6296
4 16 36 11.45 -22 4.8402 12 -23.6296 -4.8402 12 -23.6296 -36 11.45 -22
1 16 0 10.1 -10 1 0 0 0 -1.475 0 0 0 1 stud4a.dat
1 16 0 10.1 -10 0 0 1 0 2.05 0 -1 0 0 stud4s.dat