0 ~Slope Brick Curved  3 x  4 x  0.667 Half
0 Name: s\8235s02.dat
0 Author: Philippe Hurbain [Philo]
0 !LDRAW_ORG Subpart UPDATE 2026-05
0 !LICENSE Licensed under CC BY 4.0 : see CAreadme.txt

0 BFC CERTIFY CCW

0 !HISTORY 2026-05-31 [OrionP] Official Update 2026-05

1 16 20 10.1 -10 1 0 0 0 -1.475 0 0 0 1 stud4a.dat
1 16 20 10.1 -10 0 0 1 0 2.05 0 -1 0 0 stud4s.dat
1 16 40 40.972 30 0 -1 0 -28.972 0 -28.972 -60 0 60 48\1-8chrd.dat
1 16 40 40.972 30 0 1 0 -28.972 0 -28.972 -60 0 60 48\1-8edge.dat
4 16 40 16 10 40 8 10 40 12 -30 40 16 -30
3 16 40 8 30 40 0 30 40 8 10
3 16 40 12 -30 40 8 10 40 0 30
4 16 40 16 -30 36 16 -26 36 16 6 40 16 10
4 16 40 8 10 36 8 10 36 8 26 40 8 30
2 24 36 8 10 40 8 10
2 24 36 3 14 36 3 26
2 24 36 5 10 36 3 14
3 16 36 3 14 36 8 10 36 5 10
4 16 36 3 26 36 8 26 36 8 10 36 3 14
2 24 36 8 10 36 8 26
2 24 1.5 5 10 1.5 8 10
4 16 1.5 3 14 1.5 5 10 1.5 8 10 1.5 8 14
2 24 1.5 3 14 1.5 5 10
2 24 8.5 5 10 8.5 3 14
2 24 8.5 5 10 8.5 8 10
4 16 8.5 8 10 8.5 5 10 8.5 3 14 8.5 8 14
2 24 11.5 5 10 11.5 8 10
4 16 11.5 3 14 11.5 5 10 11.5 8 10 11.5 8 14
1 16 10 8 12 1.5 0 0 0 -1 0 0 0 -2 rect3.dat
1 16 10 5.5 14 -1.5 0 0 0 0 -2.5 0 -1 0 rect.dat
2 24 11.5 3 14 11.5 5 10
2 24 18.5 5 10 18.5 3 14
2 24 18.5 5 10 18.5 8 10
4 16 18.5 8 10 18.5 5 10 18.5 3 14 18.5 8 14
2 24 21.5 5 10 21.5 8 10
4 16 21.5 3 14 21.5 5 10 21.5 8 10 21.5 8 14
1 16 20 8 12 1.5 0 0 0 -1 0 0 0 -2 rect3.dat
1 16 20 5.5 14 -1.5 0 0 0 0 -2.5 0 -1 0 rect.dat
2 24 21.5 3 14 21.5 5 10
2 24 28.5 5 10 28.5 3 14
2 24 28.5 5 10 28.5 8 10
4 16 28.5 8 10 28.5 5 10 28.5 3 14 28.5 8 14
2 24 31.5 5 10 31.5 8 10
4 16 31.5 3 14 31.5 5 10 31.5 8 10 31.5 8 14
1 16 30 8 12 1.5 0 0 0 -1 0 0 0 -2 rect3.dat
1 16 30 5.5 14 -1.5 0 0 0 0 -2.5 0 -1 0 rect.dat
2 24 31.5 3 14 31.5 5 10
2 24 36 11.45 -22 36 10.1 -18
2 24 36 12.8 -26 36 11.45 -22
2 24 36 10.1 -18 36 6 -2
2 24 36 6 -2 36 4.8 6
2 24 36 12.8 -26 36 16 -26
4 16 36 6 -2 36 4.8 6 36 16 6 36 10.1 -18
3 16 36 11.45 -22 36 10.1 -18 36 16 6
4 16 36 16 6 36 16 -26 36 12.8 -26 36 11.45 -22
2 24 30 12.8 -26 32.2962 12.6459 -25.5434
2 24 30 12.8 -26 27.7038 12.6459 -25.5434
2 24 35.1598 12 -23.6296 24.8402 12 -23.6296
2 24 32.2962 12.6459 -25.5434 35.1598 12 -23.6296
2 24 24.8402 12 -23.6296 27.7038 12.6459 -25.5434
2 24 30 12 -26 32.2962 12 -25.5434
2 24 30 12 -26 27.7038 12 -25.5434
2 24 32.2962 12 -25.5434 35.1598 12 -23.6296
2 24 24.8402 12 -23.6296 27.7038 12 -25.5434
4 16 24.8402 12 -23.6296 35.1598 12 -23.6296 32.2962 12 -25.5434 27.7038 12 -25.5434
4 16 30 12.8 -26 30 12 -26 32.2962 12 -25.5434 32.2962 12.6459 -25.5434
4 16 27.7038 12.6459 -25.5434 27.7038 12 -25.5434 30 12 -26 30 12.8 -26
3 16 32.2962 12.6459 -25.5434 32.2962 12 -25.5434 35.1598 12 -23.6296
3 16 24.8402 12 -23.6296 27.7038 12 -25.5434 27.7038 12.6459 -25.5434
3 16 30 12 -26 27.7038 12 -25.5434 32.2962 12 -25.5434
3 16 30 12.8 -26 32.2962 12.6459 -25.5434 36 12.8 -26
3 16 32.2962 12.6459 -25.5434 35.1598 12 -23.6296 36 12.8 -26
3 16 36 12.8 -26 35.1598 12 -23.6296 36 11.45 -22
3 16 35.1598 12 -23.6296 24.8402 12 -23.6296 36 11.45 -22
2 24 10 12.8 -26 12.2962 12.6459 -25.5434
2 24 10 12.8 -26 7.7038 12.6459 -25.5434
2 24 15.1598 12 -23.6296 4.8402 12 -23.6296
2 24 12.2962 12.6459 -25.5434 15.1598 12 -23.6296
2 24 4.8402 12 -23.6296 7.7038 12.6459 -25.5434
2 24 10 12 -26 12.2962 12 -25.5434
2 24 10 12 -26 7.7038 12 -25.5434
2 24 12.2962 12 -25.5434 15.1598 12 -23.6296
2 24 4.8402 12 -23.6296 7.7038 12 -25.5434
4 16 4.8402 12 -23.6296 15.1598 12 -23.6296 12.2962 12 -25.5434 7.7038 12 -25.5434
4 16 10 12.8 -26 10 12 -26 12.2962 12 -25.5434 12.2962 12.6459 -25.5434
4 16 7.7038 12.6459 -25.5434 7.7038 12 -25.5434 10 12 -26 10 12.8 -26
3 16 12.2962 12.6459 -25.5434 12.2962 12 -25.5434 15.1598 12 -23.6296
3 16 4.8402 12 -23.6296 7.7038 12 -25.5434 7.7038 12.6459 -25.5434
3 16 10 12 -26 7.7038 12 -25.5434 12.2962 12 -25.5434
4 16 27.7038 12.6459 -25.5434 30 12.8 -26 10 12.8 -26 12.2962 12.6459 -25.5434
4 16 24.8402 12 -23.6296 27.7038 12.6459 -25.5434 12.2962 12.6459 -25.5434 15.1598 12 -23.6296
3 16 24.8402 12 -23.6296 15.1598 12 -23.6296 36 11.45 -22
3 16 36 11.45 -22 15.1598 12 -23.6296 4.8402 12 -23.6296
5 24 32.2962 12.6459 -25.5434 32.2962 12 -25.5434 30 12.8 -26 35.1598 12 -23.6296
5 24 27.7038 12 -25.5434 27.7038 12.6459 -25.5434 30 12 -26 24.8402 12 -23.6296
5 24 10 12.8 -26 10 12 -26 7.7038 12.6459 -25.5434 12.2962 12 -25.5434
5 24 12.2962 12.6459 -25.5434 12.2962 12 -25.5434 10 12.8 -26 15.1598 12 -23.6296
5 24 7.7038 12 -25.5434 7.7038 12.6459 -25.5434 10 12 -26 4.8402 12 -23.6296
5 24 30 12 -26 30 12.8 -26 32.2962 12 -25.5434 27.7038 12.6459 -25.5434