0 ~Slope Brick Curved  8 x  4 x  1.667 without Patternable Surfaces
0 Name: s\8236s01.dat
0 Author: Gerald Lasser [GeraldLasser]
0 !LDRAW_ORG Subpart UPDATE 2026-05
0 !LICENSE Licensed under CC BY 4.0 : see CAreadme.txt

0 BFC CERTIFY CCW

0 !HISTORY 2026-05-31 [OrionP] Official Update 2026-05

1 16 0 0 0 1 0 0 0 1 0 0 0 1 s\8236s03.dat
1 16 0 0 0 -1 0 0 0 1 0 0 0 1 s\8236s03.dat

1 16 0 0 0 1 0 0 0 1 0 0 0 1 s\8236s02.dat
1 16 -20 0 0 1 0 0 0 1 0 0 0 1 s\8236s02.dat
1 16 20 0 0 1 0 0 0 1 0 0 0 1 s\8236s02.dat

4 16 1 27 -102.1989 -1 27 -102.1989 -1 27 -97.8011 1 27 -97.8011
4 16 1 19 -62.1989 -1 19 -62.1989 -1 19 -57.8011 1 19 -57.8011
4 16 1 11 -22.1989 -1 11 -22.1989 -1 11 -17.8011 1 11 -17.8011

0 // Bottom
4 16 40 40 -150 -40 40 -150 -36 40 -146 36 40 -146
4 16 36 40 -114 -36 40 -114 -40 40 -110 40 40 -110
1 16 0 40 -130 40 0 0 0 1 0 0 0 20 recte4.dat
1 16 0 40 -130 36 0 0 0 1 0 0 0 16 recte4.dat
1 16 0 32 -114 36 0 0 0 0 8 0 1 0 rect.dat
4 16 -4 35.375 -140 -36 24 -114 36 24 -114 4 35.375 -140
4 16 4 38 -146 -4 38 -146 -4 35.375 -140 4 35.375 -140
1 16 0 39 -146 -36 0 0 0 0 -1 0 -1 0 rect3.dat

0 // Step 1
4 16 36 32 -110 40 40 -110 -40 40 -110 -36 32 -110
4 16 36 32 -74 -36 32 -74 -40 32 -70 40 32 -70
1 16 0 32 -90 40 0 0 0 1 0 0 0 20 recte3.dat
1 16 0 32 -92 36 0 0 0 1 0 0 0 18 recte3.dat
1 16 0 27.5 -110 36 0 0 0 0 -4.5 0 -1 0 rect3.dat
0 BFC INVERTNEXT
1 16 0 27.5 -92 36 0 0 0 -9.9 -5.4 0 0 18 box2-7.dat

0 // Step 2
4 16 36 24 -70 40 32 -70 -40 32 -70 -36 24 -70
4 16 36 24 -34 -36 24 -34 -40 24 -30 40 24 -30
1 16 0 24 -50 40 0 0 0 1 0 0 0 20 recte3.dat
1 16 0 24 -52 36 0 0 0 1 0 0 0 18 recte3.dat
1 16 0 18 -70 36 0 0 0 0 -6 0 -1 0 rect3.dat
0 BFC INVERTNEXT
1 16 0 18 -52 36 0 0 0 -8.7 -2.7 0 0 18 box2-7.dat

0 // Step 3
4 16 36 16 -30 40 24 -30 -40 24 -30 -36 16 -30
4 16 36 16 6 -36 16 6 -40 16 10 40 16 10
1 16 0 16 -10 40 0 0 0 1 0 0 0 20 recte3.dat
1 16 0 16 -12 36 0 0 0 1 0 0 0 18 recte3.dat
1 16 0 11.3 -30 36 0 0 0 0 -4.7 0 -1 0 rect3.dat
0 BFC INVERTNEXT
1 16 0 11.3 -12 36 0 0 0 -6.5 -1.8 0 0 18 box2-7.dat

0 // Outside
1 16 0 8 10 -40 0 0 0 0 -8 0 -1 0 rect3.dat
1 16 0 38 -150 40 0 0 0 0 -2 0 1 0 rect3.dat

0 // Top Condlines
5 24 -40 27.9256 -131.798 40 27.9256 -131.798 40 20.8437 -113.216 -40 36 -150
5 24 -40 20.8437 -113.216 40 20.8437 -113.216 -40 27.9256 -131.798 40 14.7709 -94.304
5 24 40 .1979 -3.199 -40 .1979 -3.199 40 0 10 -40 1.1675 -19.468
5 24 40 14.7709 -94.304 -40 14.7709 -94.304 40 9.7257 -75.112 -40 20.8437 -113.216
5 24 40 9.7257 -75.112 -40 9.7257 -75.112 -40 14.7709 -94.304 40 5.7196 -55.693
5 24 -40 1.1675 -19.468 40 1.1675 -19.468 40 .1979 -3.199 -40 2.766 -36.1
5 24 40 2.766 -36.1 -40 2.766 -36.1 -40 5.7196 -55.693 40 1.1675 -19.468
5 24 -40 5.7196 -55.693 40 5.7196 -55.693 40 2.766 -36.1 -40 9.7257 -75.112