0 ~Slope Brick Curved  8 x  4 x  1.667 Row of Underside Studs
0 Name: s\8236s02.dat
0 Author: Gerald Lasser [GeraldLasser]
0 !LDRAW_ORG Subpart UPDATE 2026-05
0 !LICENSE Licensed under CC BY 4.0 : see CAreadme.txt

0 BFC CERTIFY CCW

0 !HISTORY 2026-05-31 [OrionP] Official Update 2026-05

1 16 0 34.5 -130 1 0 0 0 -1.375 0 0 0 1 stud4a.dat
1 16 0 34.5 -130 0 0 1 0 3.5 0 -1 0 0 stud4s.dat
4 16 1 27.587 -122.1989 1 35 -122.1989 1 35 -114 1 24 -114
4 16 -1 35 -122.1989 -1 27.587 -122.1989 -1 24 -114 -1 35 -114
4 16 1 35 -122.1989 -1 35 -122.1989 -1 35 -114 1 35 -114
2 24 1 35 -122.1989 1 35 -114
2 24 -1 35 -114 -1 35 -122.1989
2 24 1 35 -122.1989 0 35 -122
2 24 1 35 -122.1989 1 27.587 -122.1989
2 24 -1 27.587 -122.1989 -1 35 -122.1989
2 24 0 35 -122 -1 35 -122.1989
2 24 -1 24 -114 -1 27.587 -122.1989
2 24 1 27.587 -122.1989 1 24 -114
1 16 0 29.5 -114 1 0 0 0 0 5.5 0 1 0 recte3.dat

1 16 0 19.4 -90 1 0 0 0 -3.15 0 0 0 1 stud4a.dat
1 16 0 19.4 -90 0 0 1 0 2.4 0 -1 0 0 stud4s.dat
1 16 0 23 -110 1 0 0 0 -2.25 0 0 0 1 2-4stud4a.dat
1 16 0 23 -110 0 0 1 0 2.4 0 -1 0 0 2-4stud4s.dat
1 16 7 27.5 -110 1 0 0 0 0 4.5 0 -1 0 recte3.dat
1 16 -7 27.5 -110 1 0 0 0 0 4.5 0 -1 0 recte3.dat
4 16 1 14.6597 -82.1989 1 27 -82.1989 1 27 -74 1 12.2 -74
4 16 -1 27 -82.1989 -1 14.6597 -82.1989 -1 12.2 -74 -1 27 -74
4 16 1 27 -82.1989 -1 27 -82.1989 -1 27 -74 1 27 -74
2 24 1 27 -82.1989 1 27 -74
2 24 -1 27 -74 -1 27 -82.1989
2 24 1 27 -82.1989 0 27 -82
2 24 1 27 -82.1989 1 14.6597 -82.1989
2 24 -1 14.6597 -82.1989 -1 27 -82.1989
2 24 0 27 -82 -1 27 -82.1989
2 24 -1 12.2 -74 -1 14.6597 -82.1989
2 24 1 14.6597 -82.1989 1 12.2 -74
1 16 0 19.6 -74 1 0 0 0 0 7.4 0 1 0 recte3.dat

1 16 0 10.2 -50 1 0 0 0 -3.45 0 0 0 1 stud4a.dat
1 16 0 10.2 -50 0 0 1 0 1.2 0 -1 0 0 stud4s.dat
1 16 0 12 -70 1 0 0 0 -3 0 0 0 1 2-4stud4a.dat
1 16 0 12 -70 0 0 1 0 1.2 0 -1 0 0 2-4stud4s.dat
1 16 7 18 -70 1 0 0 0 0 6 0 -1 0 recte3.dat
1 16 -7 18 -70 1 0 0 0 0 6 0 -1 0 recte3.dat
4 16 1 7.8298 -42.1989 1 19 -42.1989 1 19 -34 1 6.6 -34
4 16 -1 19 -42.1989 -1 7.8298 -42.1989 -1 6.6 -34 -1 19 -34
4 16 1 19 -42.1989 -1 19 -42.1989 -1 19 -34 1 19 -34
2 24 1 19 -42.1989 1 19 -34
2 24 -1 19 -34 -1 19 -42.1989
2 24 1 19 -42.1989 0 19 -42
2 24 1 19 -42.1989 1 7.8298 -42.1989
2 24 -1 7.8298 -42.1989 -1 19 -42.1989
2 24 0 19 -42 -1 19 -42.1989
2 24 -1 6.6 -34 -1 7.8298 -42.1989
2 24 1 7.8298 -42.1989 1 6.6 -34
1 16 0 12.8 -34 1 0 0 0 0 6.2 0 1 0 recte3.dat

1 16 0 5.4 -10 1 0 0 0 -2.65 0 0 0 1 stud4a.dat
1 16 0 5.4 -10 0 0 1 0 .8 0 -1 0 0 stud4s.dat
1 16 0 6.6 -30 1 0 0 0 -2.35 0 0 0 1 2-4stud4a.dat
1 16 0 6.6 -30 0 0 1 0 .8 0 -1 0 0 2-4stud4s.dat
1 16 7 11.3 -30 1 0 0 0 0 4.7 0 -1 0 recte3.dat
1 16 -7 11.3 -30 1 0 0 0 0 4.7 0 -1 0 recte3.dat
4 16 1 3.8199 -2.1989 1 11 -2.1989 1 11 6 1 3 6
4 16 -1 11 -2.1989 -1 3.8199 -2.1989 -1 3 6 -1 11 6
4 16 1 11 -2.1989 -1 11 -2.1989 -1 11 6 1 11 6
2 24 1 11 -2.1989 1 11 6
2 24 -1 11 6 -1 11 -2.1989
2 24 1 11 -2.1989 0 11 -2
2 24 1 11 -2.1989 1 3.8199 -2.1989
2 24 -1 3.8199 -2.1989 -1 11 -2.1989
2 24 0 11 -2 -1 11 -2.1989
2 24 -1 3 6 -1 3.8199 -2.1989
2 24 1 3.8199 -2.1989 1 3 6
1 16 0 7 6 1 0 0 0 0 4 0 1 0 recte3.dat