0 Mixed-Mode Torus Outside  1 x 0.0400 x 0.1667
0 Name: 48\tm06o0400.dat
0 Author: Philippe Hurbain [Philo]
0 !LDRAW_ORG 48_Primitive UPDATE 2026-04
0 !LICENSE Licensed under CC BY 4.0 : see CAreadme.txt

0 BFC CERTIFY CCW

0 !HISTORY 2026-04-27 [OrionP] Official Update 2026-04

0 // Major Radius: 25
0 // Tube(Minor) Radius: 1
0 // Segments(Sweep): 8/48 = 0.1667
0 // 1 9 0 0 0 1 0 0 0 1 0 0 0 1 4-4edge.dat
0 // 1 12 1 0 0 0.0400 0 0 0 0 0.0400 0 1 0 4-4edge.dat

4 16 1 0.04 0 0.9914 0.04 0.1305 1.0066 0.037 0.1325 1.0153 0.037 0
4 16 1.0153 0.037 0 1.0066 0.037 0.1325 1.0194 0.0283 0.1342 1.0283 0.0283 0
4 16 1.0283 0.0283 0 1.0194 0.0283 0.1342 1.028 0.0153 0.1353 1.037 0.0153 0
4 16 1.037 0.0153 0 1.028 0.0153 0.1353 1.0311 0 0.1357 1.04 0 0
4 16 0.9914 0.04 0.1305 0.9659 0.04 0.2588 0.9807 0.037 0.2628 1.0066 0.037 0.1325
4 16 1.0066 0.037 0.1325 0.9807 0.037 0.2628 0.9932 0.0283 0.2661 1.0194 0.0283 0.1342
4 16 1.0194 0.0283 0.1342 0.9932 0.0283 0.2661 1.0016 0.0153 0.2684 1.028 0.0153 0.1353
4 16 1.028 0.0153 0.1353 1.0016 0.0153 0.2684 1.0045 0 0.2692 1.0311 0 0.1357
4 16 0.9659 0.04 0.2588 0.9239 0.04 0.3827 0.938 0.037 0.3886 0.9807 0.037 0.2628
4 16 0.9807 0.037 0.2628 0.938 0.037 0.3886 0.95 0.0283 0.3935 0.9932 0.0283 0.2661
4 16 0.9932 0.0283 0.2661 0.95 0.0283 0.3935 0.958 0.0153 0.3968 1.0016 0.0153 0.2684
4 16 1.0016 0.0153 0.2684 0.958 0.0153 0.3968 0.9609 0 0.398 1.0045 0 0.2692
4 16 0.9239 0.04 0.3827 0.866 0.04 0.5 0.8793 0.037 0.5077 0.938 0.037 0.3886
4 16 0.938 0.037 0.3886 0.8793 0.037 0.5077 0.8905 0.0283 0.5141 0.95 0.0283 0.3935
4 16 0.95 0.0283 0.3935 0.8905 0.0283 0.5141 0.898 0.0153 0.5185 0.958 0.0153 0.3968
4 16 0.958 0.0153 0.3968 0.898 0.0153 0.5185 0.9006 0 0.52 0.9609 0 0.398
4 16 0.866 0.04 0.5 0.7934 0.04 0.6088 0.8055 0.037 0.6181 0.8793 0.037 0.5077
4 16 0.8793 0.037 0.5077 0.8055 0.037 0.6181 0.8158 0.0283 0.626 0.8905 0.0283 0.5141
4 16 0.8905 0.0283 0.5141 0.8158 0.0283 0.626 0.8227 0.0153 0.6313 0.898 0.0153 0.5185
4 16 0.898 0.0153 0.5185 0.8227 0.0153 0.6313 0.8251 0 0.6332 0.9006 0 0.52
4 16 0.7934 0.04 0.6088 0.7071 0.04 0.7071 0.7179 0.037 0.7179 0.8055 0.037 0.6181
4 16 0.8055 0.037 0.6181 0.7179 0.037 0.7179 0.7271 0.0283 0.7271 0.8158 0.0283 0.626
4 16 0.8158 0.0283 0.626 0.7271 0.0283 0.7271 0.7332 0.0153 0.7332 0.8227 0.0153 0.6313
4 16 0.8227 0.0153 0.6313 0.7332 0.0153 0.7332 0.7354 0 0.7354 0.8251 0 0.6332
4 16 0.7071 0.04 0.7071 0.6088 0.04 0.7934 0.6181 0.037 0.8055 0.7179 0.037 0.7179
4 16 0.7179 0.037 0.7179 0.6181 0.037 0.8055 0.626 0.0283 0.8158 0.7271 0.0283 0.7271
4 16 0.7271 0.0283 0.7271 0.626 0.0283 0.8158 0.6313 0.0153 0.8227 0.7332 0.0153 0.7332
4 16 0.7332 0.0153 0.7332 0.6313 0.0153 0.8227 0.6332 0 0.8251 0.7354 0 0.7354
4 16 0.6088 0.04 0.7934 0.5 0.04 0.866 0.5077 0.037 0.8793 0.6181 0.037 0.8055
4 16 0.6181 0.037 0.8055 0.5077 0.037 0.8793 0.5141 0.0283 0.8905 0.626 0.0283 0.8158
4 16 0.626 0.0283 0.8158 0.5141 0.0283 0.8905 0.5185 0.0153 0.898 0.6313 0.0153 0.8227
4 16 0.6313 0.0153 0.8227 0.5185 0.0153 0.898 0.52 0 0.9006 0.6332 0 0.8251
0 // conditional lines
5 24 0.9914 0.04 0.1305 1 0.04 0 1.0066 0.037 0.1325 0.9762 0.04 0.1285
5 24 1.0066 0.037 0.1325 1.0153 0.037 0 0.9914 0.04 0.1305 1.0194 0.0283 0.1342
5 24 1 0.04 0 1.0153 0.037 0 1 0.04 -0.1305 0.9914 0.04 0.1305
5 24 0.9914 0.04 0.1305 1.0066 0.037 0.1325 1 0.04 0 0.9659 0.04 0.2588
5 24 1.0194 0.0283 0.1342 1.0283 0.0283 0 1.0066 0.037 0.1325 1.028 0.0153 0.1353
5 24 1.0153 0.037 0 1.0283 0.0283 0 1.0153 0.037 -0.1325 1.0066 0.037 0.1325
5 24 1.0066 0.037 0.1325 1.0194 0.0283 0.1342 1.0153 0.037 0 0.9807 0.037 0.2628
5 24 1.028 0.0153 0.1353 1.037 0.0153 0 1.0194 0.0283 0.1342 1.0311 0 0.1357
5 24 1.0283 0.0283 0 1.037 0.0153 0 1.0283 0.0283 -0.1342 1.0194 0.0283 0.1342
5 24 1.0194 0.0283 0.1342 1.028 0.0153 0.1353 1.0283 0.0283 0 0.9932 0.0283 0.2661
5 24 1.037 0.0153 0 1.04 0 0 1.037 0.0153 -0.1353 1.028 0.0153 0.1353
5 24 1.028 0.0153 0.1353 1.0311 0 0.1357 1.037 0.0153 0 1.0016 0.0153 0.2684
5 24 1.0311 0 0.1357 1.04 0 0 1.028 0.0153 0.1353 1.0311 -0.0153 0.1357
5 24 0.9659 0.04 0.2588 0.9914 0.04 0.1305 0.9807 0.037 0.2628 0.9511 0.04 0.2548
5 24 0.9807 0.037 0.2628 1.0066 0.037 0.1325 0.9659 0.04 0.2588 0.9932 0.0283 0.2661
5 24 0.9659 0.04 0.2588 0.9807 0.037 0.2628 0.9914 0.04 0.1305 0.9239 0.04 0.3827
5 24 0.9932 0.0283 0.2661 1.0194 0.0283 0.1342 0.9807 0.037 0.2628 1.0016 0.0153 0.2684
5 24 0.9807 0.037 0.2628 0.9932 0.0283 0.2661 1.0066 0.037 0.1325 0.938 0.037 0.3886
5 24 1.0016 0.0153 0.2684 1.028 0.0153 0.1353 0.9932 0.0283 0.2661 1.0045 0 0.2692
5 24 0.9932 0.0283 0.2661 1.0016 0.0153 0.2684 1.0194 0.0283 0.1342 0.95 0.0283 0.3935
5 24 1.0016 0.0153 0.2684 1.0045 0 0.2692 1.028 0.0153 0.1353 0.958 0.0153 0.3968
5 24 1.0045 0 0.2692 1.0311 0 0.1357 1.0016 0.0153 0.2684 1.0045 -0.0153 0.2692
5 24 0.9239 0.04 0.3827 0.9659 0.04 0.2588 0.938 0.037 0.3886 0.9098 0.04 0.3768
5 24 0.938 0.037 0.3886 0.9807 0.037 0.2628 0.9239 0.04 0.3827 0.95 0.0283 0.3935
5 24 0.9239 0.04 0.3827 0.938 0.037 0.3886 0.9659 0.04 0.2588 0.866 0.04 0.5
5 24 0.95 0.0283 0.3935 0.9932 0.0283 0.2661 0.938 0.037 0.3886 0.958 0.0153 0.3968
5 24 0.938 0.037 0.3886 0.95 0.0283 0.3935 0.9807 0.037 0.2628 0.8793 0.037 0.5077
5 24 0.958 0.0153 0.3968 1.0016 0.0153 0.2684 0.95 0.0283 0.3935 0.9609 0 0.398
5 24 0.95 0.0283 0.3935 0.958 0.0153 0.3968 0.9932 0.0283 0.2661 0.8905 0.0283 0.5141
5 24 0.958 0.0153 0.3968 0.9609 0 0.398 1.0016 0.0153 0.2684 0.898 0.0153 0.5185
5 24 0.9609 0 0.398 1.0045 0 0.2692 0.958 0.0153 0.3968 0.9609 -0.0153 0.398
5 24 0.866 0.04 0.5 0.9239 0.04 0.3827 0.8793 0.037 0.5077 0.8527 0.04 0.4923
5 24 0.8793 0.037 0.5077 0.938 0.037 0.3886 0.866 0.04 0.5 0.8905 0.0283 0.5141
5 24 0.866 0.04 0.5 0.8793 0.037 0.5077 0.9239 0.04 0.3827 0.7934 0.04 0.6088
5 24 0.8905 0.0283 0.5141 0.95 0.0283 0.3935 0.8793 0.037 0.5077 0.898 0.0153 0.5185
5 24 0.8793 0.037 0.5077 0.8905 0.0283 0.5141 0.938 0.037 0.3886 0.8055 0.037 0.6181
5 24 0.898 0.0153 0.5185 0.958 0.0153 0.3968 0.8905 0.0283 0.5141 0.9006 0 0.52
5 24 0.8905 0.0283 0.5141 0.898 0.0153 0.5185 0.95 0.0283 0.3935 0.8158 0.0283 0.626
5 24 0.898 0.0153 0.5185 0.9006 0 0.52 0.958 0.0153 0.3968 0.8227 0.0153 0.6313
5 24 0.9006 0 0.52 0.9609 0 0.398 0.898 0.0153 0.5185 0.9006 -0.0153 0.52
5 24 0.7934 0.04 0.6088 0.866 0.04 0.5 0.8055 0.037 0.6181 0.7813 0.04 0.5995
5 24 0.8055 0.037 0.6181 0.8793 0.037 0.5077 0.7934 0.04 0.6088 0.8158 0.0283 0.626
5 24 0.7934 0.04 0.6088 0.8055 0.037 0.6181 0.866 0.04 0.5 0.7071 0.04 0.7071
5 24 0.8158 0.0283 0.626 0.8905 0.0283 0.5141 0.8055 0.037 0.6181 0.8227 0.0153 0.6313
5 24 0.8055 0.037 0.6181 0.8158 0.0283 0.626 0.8793 0.037 0.5077 0.7179 0.037 0.7179
5 24 0.8227 0.0153 0.6313 0.898 0.0153 0.5185 0.8158 0.0283 0.626 0.8251 0 0.6332
5 24 0.8158 0.0283 0.626 0.8227 0.0153 0.6313 0.8905 0.0283 0.5141 0.7271 0.0283 0.7271
5 24 0.8227 0.0153 0.6313 0.8251 0 0.6332 0.898 0.0153 0.5185 0.7332 0.0153 0.7332
5 24 0.8251 0 0.6332 0.9006 0 0.52 0.8227 0.0153 0.6313 0.8251 -0.0153 0.6332
5 24 0.7071 0.04 0.7071 0.7934 0.04 0.6088 0.7179 0.037 0.7179 0.6963 0.04 0.6963
5 24 0.7179 0.037 0.7179 0.8055 0.037 0.6181 0.7071 0.04 0.7071 0.7271 0.0283 0.7271
5 24 0.7071 0.04 0.7071 0.7179 0.037 0.7179 0.7934 0.04 0.6088 0.6088 0.04 0.7934
5 24 0.7271 0.0283 0.7271 0.8158 0.0283 0.626 0.7179 0.037 0.7179 0.7332 0.0153 0.7332
5 24 0.7179 0.037 0.7179 0.7271 0.0283 0.7271 0.8055 0.037 0.6181 0.6181 0.037 0.8055
5 24 0.7332 0.0153 0.7332 0.8227 0.0153 0.6313 0.7271 0.0283 0.7271 0.7354 0 0.7354
5 24 0.7271 0.0283 0.7271 0.7332 0.0153 0.7332 0.8158 0.0283 0.626 0.626 0.0283 0.8158
5 24 0.7332 0.0153 0.7332 0.7354 0 0.7354 0.8227 0.0153 0.6313 0.6313 0.0153 0.8227
5 24 0.7354 0 0.7354 0.8251 0 0.6332 0.7332 0.0153 0.7332 0.7354 -0.0153 0.7354
5 24 0.6088 0.04 0.7934 0.7071 0.04 0.7071 0.6181 0.037 0.8055 0.5995 0.04 0.7813
5 24 0.6181 0.037 0.8055 0.7179 0.037 0.7179 0.6088 0.04 0.7934 0.626 0.0283 0.8158
5 24 0.6088 0.04 0.7934 0.6181 0.037 0.8055 0.7071 0.04 0.7071 0.5 0.04 0.866
5 24 0.626 0.0283 0.8158 0.7271 0.0283 0.7271 0.6181 0.037 0.8055 0.6313 0.0153 0.8227
5 24 0.6181 0.037 0.8055 0.626 0.0283 0.8158 0.7179 0.037 0.7179 0.5077 0.037 0.8793
5 24 0.6313 0.0153 0.8227 0.7332 0.0153 0.7332 0.626 0.0283 0.8158 0.6332 0 0.8251
5 24 0.626 0.0283 0.8158 0.6313 0.0153 0.8227 0.7271 0.0283 0.7271 0.5141 0.0283 0.8905
5 24 0.6313 0.0153 0.8227 0.6332 0 0.8251 0.7332 0.0153 0.7332 0.5185 0.0153 0.898
5 24 0.6332 0 0.8251 0.7354 0 0.7354 0.6313 0.0153 0.8227 0.6332 -0.0153 0.8251
5 24 0.5 0.04 0.866 0.6088 0.04 0.7934 0.5077 0.037 0.8793 0.4923 0.04 0.8527
5 24 0.5077 0.037 0.8793 0.6181 0.037 0.8055 0.5 0.04 0.866 0.5141 0.0283 0.8905
5 24 0.5 0.04 0.866 0.5077 0.037 0.8793 0.6088 0.04 0.7934 -0.366 0.04 1.366
5 24 0.5141 0.0283 0.8905 0.626 0.0283 0.8158 0.5077 0.037 0.8793 0.5185 0.0153 0.898
5 24 0.5077 0.037 0.8793 0.5141 0.0283 0.8905 0.6181 0.037 0.8055 -0.3716 0.037 1.3869
5 24 0.5185 0.0153 0.898 0.6313 0.0153 0.8227 0.5141 0.0283 0.8905 0.52 0 0.9006
5 24 0.5141 0.0283 0.8905 0.5185 0.0153 0.898 0.626 0.0283 0.8158 -0.3764 0.0283 1.4046
5 24 0.5185 0.0153 0.898 0.52 0 0.9006 0.6313 0.0153 0.8227 -0.3795 0.0153 1.4165
5 24 0.52 0 0.9006 0.6332 0 0.8251 0.5185 0.0153 0.898 0.52 -0.0153 0.9006
0 // Build by LDPartEditor (PrimGen 2.X)
