0 Fence Ornamented  1 x  4 x  2 with Circles
0 Name: 5103.dat
0 Author: Gerald Lasser [GeraldLasser]
0 !LDRAW_ORG Part UPDATE 2026-04
0 !LICENSE Licensed under CC BY 4.0 : see CAreadme.txt

0 BFC CERTIFY CCW

0 !KEYWORDS Brickowl 769159

0 !HISTORY 2024-01-02 {LEGO Instructions App} Original part shape
0 !HISTORY 2024-01-02 [GeraldLasser] File preparation for LDraw Parts Tracker
0 !HISTORY 2026-04-27 [OrionP] Official Update 2026-04

1 16 0 22 0 1 0 0 0 1 0 0 0 1 s\5103s01.dat
1 16 0 22 0 1 0 0 0 -1 0 0 0 1 s\5103s01.dat
1 16 0 22 0 -1 0 0 0 1 0 0 0 1 s\5103s01.dat
1 16 0 22 0 -1 0 0 0 -1 0 0 0 1 s\5103s01.dat

0 // Bottom
1 16 0 44 0 1 0 0 0 -1 0 0 0 -1 stug3-1x3.dat
0 BFC INVERTNEXT
1 16 0 48 0 -36 0 0 0 -4 0 0 0 6 box5.dat
4 16 40 48 -10 36 48 -6 36 48 6 40 48 10
4 16 40 48 10 36 48 6 -36 48 6 -40 48 10
4 16 -40 48 10 -36 48 6 -36 48 -6 -40 48 -10
4 16 -40 48 -10 -36 48 -6 36 48 -6 40 48 -10
1 16 0 48 0 40 0 0 0 -1 0 0 0 10 recte4.dat

1 16 0 44 10 -40 0 0 0 0 -4 0 -1 0 rect3.dat
1 16 0 44 -10 -40 0 0 0 0 -4 0 1 0 rect3.dat
3 16 -40 40 10 -40 48 10 -40 40 2
3 16 -40 40 -10 -40 40 -2 -40 48 -10
4 16 -40 48 -10 -40 40 -2 -40 40 2 -40 48 10
3 16 40 48 10 40 40 10 40 40 2
3 16 40 40 -2 40 40 -10 40 48 -10
4 16 40 40 2 40 40 -2 40 48 -10 40 48 10
2 24 40 40 -10 40 40 -2
2 24 -40 40 -10 -40 40 -2
2 24 40 40 10 40 40 2
2 24 -40 40 10 -40 40 2

3 16 36 40 -2 40 40 -10 40 40 -2
3 16 -40 40 -2 -40 40 -10 -36 40 -2
4 16 36 40 -2 -36 40 -2 -40 40 -10 40 40 -10
3 16 40 40 10 36 40 2 40 40 2
3 16 -40 40 10 -40 40 2 -36 40 2
4 16 -40 40 10 -36 40 2 36 40 2 40 40 10
4 16 -36 40 -2 36 40 -2 36 40 2 -36 40 2

0 // Top
4 16 -38 4 -10 -40 4 -8 -40 4 -2 -36 4 -2
4 16 40 4 -2 40 4 -8 38 4 -10 36 4 -2
4 16 -38 4 -10 -36 4 -2 36 4 -2 38 4 -10
4 16 -40 4 2 -40 4 8 -38 4 10 -36 4 2
4 16 38 4 10 40 4 8 40 4 2 36 4 2
4 16 36 4 2 -36 4 2 -38 4 10 38 4 10
4 16 -36 4 2 36 4 2 36 4 -2 -36 4 -2
2 24 -40 4 -8 -40 4 -2
2 24 40 4 -8 40 4 -2
2 24 -40 4 8 -40 4 2
2 24 40 4 8 40 4 2

1 16 -38 4 -8 0 0 -2 0 -4 0 -2 0 0 1-4cylo.dat
1 16 -38 4 8 -2 0 0 0 -4 0 0 0 2 1-4cylo.dat
1 16 38 4 8 0 0 2 0 -4 0 2 0 0 1-4cylo.dat
1 16 38 4 -8 2 0 0 0 -4 0 0 0 -2 1-4cylo.dat
1 16 -38 0 -8 -2 0 0 0 1 0 0 0 -2 1-4chrd.dat
1 16 -38 0 8 0 0 -2 0 1 0 2 0 0 1-4chrd.dat
1 16 38 0 8 2 0 0 0 1 0 0 0 2 1-4chrd.dat
1 16 38 0 -8 0 0 2 0 1 0 -2 0 0 1-4chrd.dat
1 16 -38 4 -8 -2 0 0 0 -1 0 0 0 -2 1-4chrd.dat
1 16 -38 4 8 0 0 -2 0 -1 0 2 0 0 1-4chrd.dat
1 16 38 4 8 2 0 0 0 -1 0 0 0 2 1-4chrd.dat
1 16 38 4 -8 0 0 2 0 -1 0 -2 0 0 1-4chrd.dat

3 16 40 4 8 40 0 8 40 4 2
3 16 40 4 -8 40 4 -2 40 0 -8
4 16 40 0 8 40 0 -8 40 4 -2 40 4 2
2 24 40 0 8 40 0 -8
3 16 -40 0 8 -40 4 8 -40 4 2
3 16 -40 4 -2 -40 4 -8 -40 0 -8
4 16 -40 4 -2 -40 0 -8 -40 0 8 -40 4 2
2 24 -40 0 -8 -40 0 8
1 16 0 4 0 38 0 0 0 -4 0 0 0 10 box3u8p.dat
4 16 40 0 8 38 0 10 38 0 -10 40 0 -8
4 16 -40 0 8 -40 0 -8 -38 0 -10 -38 0 10

1 16 0 0 0 1 0 0 0 1 0 0 0 1 stug2-1x4.dat
