0 Cylinder  2 x  2 x  2 with Crystallized Dome Top
0 Name: 5331.dat
0 Author: Gerald Lasser [GeraldLasser]
0 !LDRAW_ORG Part UPDATE 2026-03
0 !LICENSE Licensed under CC BY 4.0 : see CAreadme.txt

0 BFC CERTIFY CCW

0 !KEYWORDS Brickowl 588705

0 !HISTORY 2025-01-27 {LEGO Instructions App} Original part shape
0 !HISTORY 2025-01-27 [GeraldLasser] File preparation for LDraw Parts Tracker
0 !HISTORY 2026-03-31 [OrionP] Official Update 2026-03

1 16 0 0 0 1 0 0 0 1 0 0 0 1 s\5331s01.dat
1 16 0 0 0 0 0 -1 0 1 0 -1 0 0 s\5331s01.dat
1 16 0 0 0 0 0 -1 0 1 0 1 0 0 s\5331s01.dat
1 16 0 0 0 1 0 0 0 1 0 0 0 -1 s\5331s01.dat
1 16 0 0 0 -1 0 0 0 1 0 0 0 -1 s\5331s01.dat
1 16 0 0 0 0 0 1 0 1 0 1 0 0 s\5331s01.dat
1 16 0 0 0 0 0 1 0 1 0 -1 0 0 s\5331s01.dat
1 16 0 0 0 -1 0 0 0 1 0 0 0 1 s\5331s01.dat

0 BFC INVERTNEXT
1 16 0 13 0 16 0 0 0 30 0 0 0 16 4-4cyli.dat
0 BFC INVERTNEXT
1 16 0 13 0 8 0 0 0 -7.75 0 0 0 8 r04o1000.dat
0 BFC INVERTNEXT
1 16 0 13 0 8 0 0 0 -7.75 0 0 0 -8 r04o1000.dat
0 BFC INVERTNEXT
1 16 0 13 0 -8 0 0 0 -7.75 0 0 0 8 r04o1000.dat
0 BFC INVERTNEXT
1 16 0 13 0 -8 0 0 0 -7.75 0 0 0 -8 r04o1000.dat
1 16 0 5.25 0 4 0 0 0 -1 0 0 0 4 4-4ring1.dat
1 16 0 0 0 1 0 0 0 1.75 0 0 0 1 filstud2.dat

1 16 0 0 0 1 0 0 0 1 0 0 0 1 stud2a.dat
1 16 0 0 0 6 0 0 0 1 0 0 0 6 4-4ndis.dat
1 16 0 0 0 6 0 0 0 1 0 0 0 6 4-4edge.dat
3 16 6 0 6 7.229 0 5.692 4.351 0 7.69
4 16 6 0 6 6 0 0 8.88 0 1.293 7.229 0 5.692
3 16 8.88 0 1.293 6 0 0 9.209 0 -1.684
4 16 9.209 0 -1.684 6 0 0 6 0 -6 8.202 0 -4.034
4 16 8.202 0 -4.034 6 0 -6 5.059 0 -8.114 6.799 0 -6.251
4 16 .709 0 -8.887 5.059 0 -8.114 6 0 -6 0 0 -6
4 16 .709 0 -8.887 0 0 -6 -6 0 -6 -2.251 0 -9.041
4 16 -8.675 0 -.379 -8.497 0 -3.803 -6 0 -6 -6 0 0
4 16 6 0 6 4.351 0 7.69 -.218 0 9.167 0 0 6
4 16 -6 0 6 0 0 6 -.218 0 9.167 -2.68 0 8.278
4 16 -8.675 0 -.379 -6 0 0 -6 0 6 -7.926 0 4.306

0 // Conical Outer
3 16 14.0289 43 -14.0289 15.7411 43 -12.0786 13.0781 10.0436 -13.0574
3 16 13.0781 10.0436 -13.0574 15.7411 43 -12.0786 15.6451 11.9428 -9.917
3 16 15.6451 11.9428 -9.917 15.7411 43 -12.0786 17.1489 43 -9.9688
3 16 15.6451 11.9428 -9.917 17.1489 43 -9.9688 16.3771 12.2199 -8.6837
4 16 16.3771 12.2199 -8.6837 17.1489 43 -9.9688 18.3302 43 -7.5928 16.9432 11.9438 -7.5118
4 16 19.1635 43 -5.1346 18.0316 10.2735 -3.9241 16.9432 11.9438 -7.5118 18.3302 43 -7.5928
3 16 18.0316 10.2735 -3.9241 19.1635 43 -5.1346 19.6694 43 -2.5891
3 16 18.0316 10.2735 -3.9241 19.6694 43 -2.5891 18.4001 8.3818 -.2302
3 16 18.4001 8.3818 -.2302 19.6694 43 -2.5891 19.84 43 0
3 16 18.4001 8.3818 -.2302 19.84 43 0 19.6694 43 2.5891
3 16 18.4001 8.3818 -.2302 19.6694 43 2.5891 18.2705 7.4644 1.6398
3 16 18.2705 7.4644 1.6398 19.6694 43 2.5891 18.0419 8.6797 3.5457
3 16 18.0419 8.6797 3.5457 19.6694 43 2.5891 19.1635 43 5.1346
3 16 18.0419 8.6797 3.5457 19.1635 43 5.1346 17.0791 10.7469 7.1287
3 16 17.0791 10.7469 7.1287 19.1635 43 5.1346 18.3302 43 7.5928
3 16 17.0791 10.7469 7.1287 18.3302 43 7.5928 15.4842 12.6997 10.2127
3 16 15.4842 12.6997 10.2127 18.3302 43 7.5928 17.1489 43 9.9688
3 16 15.4842 12.6997 10.2127 17.1489 43 9.9688 15.7411 43 12.0786
3 16 15.4842 12.6997 10.2127 15.7411 43 12.0786 13.4935 14.2847 12.8409
3 16 13.4935 14.2847 12.8409 15.7411 43 12.0786 14.0289 43 14.0289
4 16 12.0786 43 15.7411 10.5411 12.6658 15.2634 13.4935 14.2847 12.8409 14.0289 43 14.0289
3 16 10.5411 12.6658 15.2634 12.0786 43 15.7411 9.9688 43 17.1489
3 16 10.5411 12.6658 15.2634 9.9688 43 17.1489 7.0615 10.5775 17.1017
3 16 7.0615 10.5775 17.1017 7.5928 43 18.3302 4.0718 8.7821 17.9415
3 16 4.0718 8.7821 17.9415 7.5928 43 18.3302 5.1346 43 19.1635
3 16 4.0718 8.7821 17.9415 2.5891 43 19.6694 -.2642 11.5418 18.5243
3 16 -.2642 11.5418 18.5243 2.5891 43 19.6694 0 43 19.84
3 16 -.2642 11.5418 18.5243 0 43 19.84 -3.7821 13.3379 18.1845
3 16 -3.7821 13.3379 18.1845 0 43 19.84 -2.5891 43 19.6694
3 16 -3.7821 13.3379 18.1845 -2.5891 43 19.6694 -5.0995 13.9048 17.907
3 16 -5.0995 13.9048 17.907 -2.5891 43 19.6694 -5.1346 43 19.1635
4 16 -5.0995 13.9048 17.907 -5.1346 43 19.1635 -7.5928 43 18.3302 -6.9149 13.265 17.2646
3 16 -6.9149 13.265 17.2646 -7.5928 43 18.3302 -10.1801 11.1646 15.4323
3 16 -10.1801 11.1646 15.4323 -7.5928 43 18.3302 -9.9688 43 17.1489
3 16 -10.1801 11.1646 15.4323 -9.9688 43 17.1489 -12.0786 43 15.7411
3 16 -10.1801 11.1646 15.4323 -12.0786 43 15.7411 -13.4782 8.315 12.4971
3 16 -13.4782 8.315 12.4971 -12.0786 43 15.7411 -14.0289 43 14.0289
3 16 -13.4782 8.315 12.4971 -14.0289 43 14.0289 -15.7411 43 12.0786
3 16 -13.4782 8.315 12.4971 -15.7411 43 12.0786 -15.5727 11.9126 10.0234
3 16 -15.5727 11.9126 10.0234 -15.7411 43 12.0786 -17.1489 43 9.9688
3 16 -17.1489 43 9.9688 -16.4949 13.0453 8.5195 -15.5727 11.9126 10.0234
4 16 -18.3302 43 7.5928 -17.2203 12.4609 6.9458 -16.4949 13.0453 8.5195 -17.1489 43 9.9688
3 16 -18.1333 10.9667 3.5541 -17.2203 12.4609 6.9458 -18.3302 43 7.5928
3 16 -18.1333 10.9667 3.5541 -18.3302 43 7.5928 -19.1635 43 5.1346
3 16 -18.1333 10.9667 3.5541 -19.1635 43 5.1346 -19.6694 43 2.5891
3 16 -18.1333 10.9667 3.5541 -19.6694 43 2.5891 -18.4399 9.2825 .1723
3 16 -19.6694 43 2.5891 -19.84 43 0 -18.4399 9.2825 .1723
3 16 -18.4399 9.2825 .1723 -19.84 43 0 -19.6694 43 -2.5891
3 16 -18.4399 9.2825 .1723 -19.6694 43 -2.5891 -17.9893 7.2798 -3.524
3 16 -17.9893 7.2798 -3.524 -19.6694 43 -2.5891 -19.1635 43 -5.1346
3 16 -17.9893 7.2798 -3.524 -19.1635 43 -5.1346 -17.0936 10.6136 -7.0872
3 16 -17.0936 10.6136 -7.0872 -19.1635 43 -5.1346 -18.3302 43 -7.5928
3 16 -17.0936 10.6136 -7.0872 -18.3302 43 -7.5928 -15.5835 12.7345 -10.0663
3 16 -15.5835 12.7345 -10.0663 -18.3302 43 -7.5928 -17.1489 43 -9.9688
3 16 -15.5835 12.7345 -10.0663 -17.1489 43 -9.9688 -15.7411 43 -12.0786
3 16 -15.5835 12.7345 -10.0663 -15.7411 43 -12.0786 -13.3694 11.4551 -12.811
3 16 -13.3694 11.4551 -12.811 -15.7411 43 -12.0786 -14.0289 43 -14.0289
3 16 -13.3694 11.4551 -12.811 -14.0289 43 -14.0289 -12.0786 43 -15.7411
3 16 -13.3694 11.4551 -12.811 -12.0786 43 -15.7411 -9.8291 8.5592 -15.5414
3 16 -9.8291 8.5592 -15.5414 -12.0786 43 -15.7411 -7.2166 10.2625 -17.0141
3 16 -7.2166 10.2625 -17.0141 -12.0786 43 -15.7411 -9.9688 43 -17.1489
3 16 -7.2166 10.2625 -17.0141 -9.9688 43 -17.1489 -7.5928 43 -18.3302
3 16 -7.2166 10.2625 -17.0141 -7.5928 43 -18.3302 -3.1293 12.3271 -18.2731
3 16 -3.1293 12.3271 -18.2731 -7.5928 43 -18.3302 -5.1346 43 -19.1635
3 16 -3.1293 12.3271 -18.2731 -5.1346 43 -19.1635 -2.5891 43 -19.6694
3 16 -3.1293 12.3271 -18.2731 -2.5891 43 -19.6694 1.5087 13.7955 -18.5324
3 16 1.5087 13.7955 -18.5324 -2.5891 43 -19.6694 0 43 -19.84
3 16 1.5087 13.7955 -18.5324 0 43 -19.84 2.5891 43 -19.6694
3 16 1.5087 13.7955 -18.5324 2.5891 43 -19.6694 4.4596 11.8714 -17.9902
3 16 4.4596 11.8714 -17.9902 2.5891 43 -19.6694 5.1346 43 -19.1635
3 16 5.1346 43 -19.1635 6.9262 9.281 -17.0929 4.4596 11.8714 -17.9902
3 16 6.9262 9.281 -17.0929 5.1346 43 -19.1635 7.5928 43 -18.3302
4 16 6.9262 9.281 -17.0929 7.5928 43 -18.3302 9.9688 43 -17.1489 8.8806 7.0496 -16.0498
3 16 8.8806 7.0496 -16.0498 9.9688 43 -17.1489 10.2876 8.2282 -15.2196
3 16 10.2876 8.2282 -15.2196 9.9688 43 -17.1489 12.0786 43 -15.7411
3 16 10.2876 8.2282 -15.2196 12.0786 43 -15.7411 13.0781 10.0436 -13.0574
3 16 13.0781 10.0436 -13.0574 12.0786 43 -15.7411 14.0289 43 -14.0289
3 16 4.0718 8.7821 17.9415 5.1346 43 19.1635 2.5891 43 19.6694
3 16 7.0615 10.5775 17.1017 9.9688 43 17.1489 7.5928 43 18.3302
5 24 12.0786 43 15.7411 13.4935 14.2847 12.8409 10.5411 12.6658 15.2634 14.0289 43 14.0289
5 24 16.3771 12.2199 -8.6837 18.3302 43 -7.5928 17.1489 43 -9.9688 16.9432 11.9438 -7.5118
5 24 19.1635 43 -5.1346 16.9432 11.9438 -7.5118 18.0316 10.2735 -3.9241 18.3302 43 -7.5928
5 24 -18.3302 43 7.5928 -16.4949 13.0453 8.5195 -17.2203 12.4609 6.9458 -17.1489 43 9.9688
5 24 6.9262 9.281 -17.0929 9.9688 43 -17.1489 7.5928 43 -18.3302 8.8806 7.0496 -16.0498
5 24 14.0289 43 14.0289 13.4935 14.2847 12.8409 12.0786 43 15.7411 15.7411 43 12.0786
5 24 -17.2203 12.4609 6.9458 -18.3302 43 7.5928 -18.1333 10.9667 3.5541 -16.4949 13.0453 8.5195
5 24 1.5087 13.7955 -18.5324 -2.5891 43 -19.6694 0 43 -19.84 -3.1293 12.3271 -18.2731
5 24 -13.4782 8.315 12.4971 -15.7411 43 12.0786 -15.5727 11.9126 10.0234 -14.0289 43 14.0289
5 24 -18.1333 10.9667 3.5541 -19.1635 43 5.1346 -18.3302 43 7.5928 -19.6694 43 2.5891
5 24 -14.0289 43 14.0289 -13.4782 8.315 12.4971 -15.7411 43 12.0786 -12.0786 43 15.7411
5 24 -10.1801 11.1646 15.4323 -7.5928 43 18.3302 -6.9149 13.265 17.2646 -9.9688 43 17.1489
5 24 10.2876 8.2282 -15.2196 9.9688 43 -17.1489 12.0786 43 -15.7411 8.8806 7.0496 -16.0498
5 24 9.9688 43 17.1489 7.0615 10.5775 17.1017 10.5411 12.6658 15.2634 7.5928 43 18.3302
5 24 15.6451 11.9428 -9.917 15.7411 43 -12.0786 13.0781 10.0436 -13.0574 17.1489 43 -9.9688
5 24 13.0781 10.0436 -13.0574 12.0786 43 -15.7411 10.2876 8.2282 -15.2196 14.0289 43 -14.0289
5 24 19.6694 43 -2.5891 18.0316 10.2735 -3.9241 18.4001 8.3818 -.2302 19.1635 43 -5.1346
5 24 -18.4399 9.2825 .1723 -19.6694 43 2.5891 -18.1333 10.9667 3.5541 -19.84 43 0
5 24 -15.5835 12.7345 -10.0663 -15.7411 43 -12.0786 -13.3694 11.4551 -12.811 -17.1489 43 -9.9688
5 24 -18.1333 10.9667 3.5541 -18.3302 43 7.5928 -19.1635 43 5.1346 -17.2203 12.4609 6.9458
5 24 -5.1346 43 19.1635 -5.0995 13.9048 17.907 -2.5891 43 19.6694 -7.5928 43 18.3302
5 24 -13.3694 11.4551 -12.811 -12.0786 43 -15.7411 -9.8291 8.5592 -15.5414 -14.0289 43 -14.0289
5 24 -17.1489 43 9.9688 -15.5727 11.9126 10.0234 -15.7411 43 12.0786 -16.4949 13.0453 8.5195
5 24 -13.3694 11.4551 -12.811 -15.7411 43 -12.0786 -14.0289 43 -14.0289 -15.5835 12.7345 -10.0663
5 24 15.4842 12.6997 10.2127 15.7411 43 12.0786 13.4935 14.2847 12.8409 17.1489 43 9.9688
5 24 -5.0995 13.9048 17.907 -2.5891 43 19.6694 -5.1346 43 19.1635 -3.7821 13.3379 18.1845
5 24 -15.7411 43 12.0786 -15.5727 11.9126 10.0234 -13.4782 8.315 12.4971 -17.1489 43 9.9688
5 24 2.5891 43 -19.6694 1.5087 13.7955 -18.5324 4.4596 11.8714 -17.9902 0 43 -19.84
5 24 5.1346 43 -19.1635 6.9262 9.281 -17.0929 7.5928 43 -18.3302 4.4596 11.8714 -17.9902
5 24 4.0718 8.7821 17.9415 2.5891 43 19.6694 -.2642 11.5418 18.5243 5.1346 43 19.1635
5 24 -18.1333 10.9667 3.5541 -19.6694 43 2.5891 -18.4399 9.2825 .1723 -19.1635 43 5.1346
5 24 13.0781 10.0436 -13.0574 15.7411 43 -12.0786 15.6451 11.9428 -9.917 14.0289 43 -14.0289
5 24 18.0316 10.2735 -3.9241 19.1635 43 -5.1346 16.9432 11.9438 -7.5118 19.6694 43 -2.5891
5 24 -15.5835 12.7345 -10.0663 -18.3302 43 -7.5928 -17.0936 10.6136 -7.0872 -17.1489 43 -9.9688
5 24 1.5087 13.7955 -18.5324 0 43 -19.84 2.5891 43 -19.6694 -2.5891 43 -19.6694
5 24 -.2642 11.5418 18.5243 0 43 19.84 -3.7821 13.3379 18.1845 2.5891 43 19.6694
5 24 -13.3694 11.4551 -12.811 -14.0289 43 -14.0289 -12.0786 43 -15.7411 -15.7411 43 -12.0786
5 24 7.0615 10.5775 17.1017 7.5928 43 18.3302 4.0718 8.7821 17.9415 9.9688 43 17.1489
5 24 15.4842 12.6997 10.2127 18.3302 43 7.5928 17.0791 10.7469 7.1287 17.1489 43 9.9688
5 24 -10.1801 11.1646 15.4323 -9.9688 43 17.1489 -12.0786 43 15.7411 -7.5928 43 18.3302
5 24 18.4001 8.3818 -.2302 19.6694 43 -2.5891 18.0316 10.2735 -3.9241 19.84 43 0
5 24 13.0781 10.0436 -13.0574 14.0289 43 -14.0289 12.0786 43 -15.7411 15.7411 43 -12.0786
5 24 5.1346 43 19.1635 4.0718 8.7821 17.9415 2.5891 43 19.6694 7.5928 43 18.3302
5 24 18.0419 8.6797 3.5457 19.1635 43 5.1346 17.0791 10.7469 7.1287 19.6694 43 2.5891
5 24 -17.9893 7.2798 -3.524 -19.6694 43 -2.5891 -18.4399 9.2825 .1723 -19.1635 43 -5.1346
5 24 15.6451 11.9428 -9.917 17.1489 43 -9.9688 15.7411 43 -12.0786 16.3771 12.2199 -8.6837
5 24 9.9688 43 17.1489 10.5411 12.6658 15.2634 7.0615 10.5775 17.1017 12.0786 43 15.7411
5 24 18.0419 8.6797 3.5457 19.6694 43 2.5891 18.2705 7.4644 1.6398 19.1635 43 5.1346
5 24 -18.4399 9.2825 .1723 -19.84 43 0 -19.6694 43 2.5891 -19.6694 43 -2.5891
5 24 -.2642 11.5418 18.5243 2.5891 43 19.6694 0 43 19.84 4.0718 8.7821 17.9415
5 24 18.3302 43 -7.5928 16.9432 11.9438 -7.5118 19.1635 43 -5.1346 16.3771 12.2199 -8.6837
5 24 -7.2166 10.2625 -17.0141 -9.9688 43 -17.1489 -7.5928 43 -18.3302 -12.0786 43 -15.7411
5 24 -9.8291 8.5592 -15.5414 -12.0786 43 -15.7411 -7.2166 10.2625 -17.0141 -13.3694 11.4551 -12.811
5 24 -3.7821 13.3379 18.1845 0 43 19.84 -2.5891 43 19.6694 -.2642 11.5418 18.5243
5 24 7.5928 43 -18.3302 6.9262 9.281 -17.0929 9.9688 43 -17.1489 5.1346 43 -19.1635
5 24 18.4001 8.3818 -.2302 19.6694 43 2.5891 18.2705 7.4644 1.6398 19.84 43 0
5 24 10.5411 12.6658 15.2634 12.0786 43 15.7411 13.4935 14.2847 12.8409 9.9688 43 17.1489
5 24 -17.1489 43 9.9688 -16.4949 13.0453 8.5195 -18.3302 43 7.5928 -15.5727 11.9126 10.0234
5 24 4.0718 8.7821 17.9415 7.5928 43 18.3302 5.1346 43 19.1635 7.0615 10.5775 17.1017
5 24 -7.2166 10.2625 -17.0141 -7.5928 43 -18.3302 -9.9688 43 -17.1489 -3.1293 12.3271 -18.2731
5 24 8.8806 7.0496 -16.0498 9.9688 43 -17.1489 10.2876 8.2282 -15.2196 6.9262 9.281 -17.0929
5 24 -6.9149 13.265 17.2646 -7.5928 43 18.3302 -5.0995 13.9048 17.907 -10.1801 11.1646 15.4323
5 24 -17.9893 7.2798 -3.524 -19.1635 43 -5.1346 -17.0936 10.6136 -7.0872 -19.6694 43 -2.5891
5 24 15.4842 12.6997 10.2127 17.1489 43 9.9688 18.3302 43 7.5928 15.7411 43 12.0786
5 24 17.0791 10.7469 7.1287 18.3302 43 7.5928 19.1635 43 5.1346 15.4842 12.6997 10.2127
5 24 -18.4399 9.2825 .1723 -19.6694 43 -2.5891 -19.84 43 0 -17.9893 7.2798 -3.524
5 24 -10.1801 11.1646 15.4323 -12.0786 43 15.7411 -13.4782 8.315 12.4971 -9.9688 43 17.1489
5 24 18.2705 7.4644 1.6398 19.6694 43 2.5891 18.0419 8.6797 3.5457 18.4001 8.3818 -.2302
5 24 -3.1293 12.3271 -18.2731 -7.5928 43 -18.3302 -7.2166 10.2625 -17.0141 -5.1346 43 -19.1635
5 24 -7.2166 10.2625 -17.0141 -12.0786 43 -15.7411 -9.9688 43 -17.1489 -9.8291 8.5592 -15.5414
5 24 -17.0936 10.6136 -7.0872 -19.1635 43 -5.1346 -18.3302 43 -7.5928 -17.9893 7.2798 -3.524
5 24 -13.4782 8.315 12.4971 -12.0786 43 15.7411 -14.0289 43 14.0289 -10.1801 11.1646 15.4323
5 24 10.2876 8.2282 -15.2196 12.0786 43 -15.7411 9.9688 43 -17.1489 13.0781 10.0436 -13.0574
5 24 18.4001 8.3818 -.2302 19.84 43 0 19.6694 43 2.5891 19.6694 43 -2.5891
5 24 -15.5835 12.7345 -10.0663 -17.1489 43 -9.9688 -15.7411 43 -12.0786 -18.3302 43 -7.5928
5 24 -3.1293 12.3271 -18.2731 -5.1346 43 -19.1635 -7.5928 43 -18.3302 -2.5891 43 -19.6694
5 24 4.4596 11.8714 -17.9902 2.5891 43 -19.6694 1.5087 13.7955 -18.5324 5.1346 43 -19.1635
5 24 17.1489 43 -9.9688 16.3771 12.2199 -8.6837 18.3302 43 -7.5928 15.6451 11.9428 -9.917
5 24 5.1346 43 -19.1635 4.4596 11.8714 -17.9902 6.9262 9.281 -17.0929 2.5891 43 -19.6694
5 24 17.0791 10.7469 7.1287 19.1635 43 5.1346 18.3302 43 7.5928 18.0419 8.6797 3.5457
5 24 13.4935 14.2847 12.8409 15.7411 43 12.0786 15.4842 12.6997 10.2127 14.0289 43 14.0289
5 24 -18.3302 43 -7.5928 -17.0936 10.6136 -7.0872 -15.5835 12.7345 -10.0663 -19.1635 43 -5.1346
5 24 -3.1293 12.3271 -18.2731 -2.5891 43 -19.6694 1.5087 13.7955 -18.5324 -5.1346 43 -19.1635
5 24 -3.7821 13.3379 18.1845 -2.5891 43 19.6694 -5.0995 13.9048 17.907 0 43 19.84

0 // Crystallized Top
3 16 -6 0 6 -6.646 1.38 7.757 -7.926 0 4.306
3 16 -7.926 0 4.306 -6.646 1.38 7.757 -8.732 .796 4.34
3 16 -6 0 6 -2.68 0 8.278 -4.341 2.582 10.744
3 16 -4.341 2.582 10.744 -6.646 1.38 7.757 -6 0 6
5 24 -4.341 2.582 10.744 -6 0 6 -2.68 0 8.278 -6.646 1.38 7.757
3 16 -2.68 0 8.278 -.602 1.278 10.744 -4.341 2.582 10.744
3 16 -.218 0 9.167 -.602 1.278 10.744 -2.68 0 8.278
3 16 -9.074 2.083 9.63 -8.732 .796 4.34 -6.646 1.38 7.757
3 16 -6.646 1.38 7.757 -4.341 2.582 10.744 -9.074 2.083 9.63
3 16 -9.074 2.083 9.63 -4.341 2.582 10.744 -5.333 3.45 12.743
3 16 -1.289 2.085 13.827 -.836 5.042 15.564 -5.333 3.45 12.743
3 16 -5.333 3.45 12.743 -.836 5.042 15.564 -6.519 6.079 13.864
3 16 -13.843 5.021 11.174 -11.774 4.029 10.212 -7.936 7.136 14.888
3 16 -7.936 7.136 14.888 -11.774 4.029 10.212 -6.519 6.079 13.864
3 16 -16.4949 13.0453 8.5195 -13.843 5.021 11.174 -15.5727 11.9126 10.0234
3 16 -15.5727 11.9126 10.0234 -13.843 5.021 11.174 -13.4782 8.315 12.4971
3 16 -18.1333 10.9667 3.5541 -16.359 8.532 3.902 -17.2203 12.4609 6.9458
3 16 -17.2203 12.4609 6.9458 -16.359 8.532 3.902 -16.4949 13.0453 8.5195
3 16 -16.289 4.303 -2.836 -16.359 8.532 3.902 -18.1333 10.9667 3.5541
3 16 -18.1333 10.9667 3.5541 -18.4399 9.2825 .1723 -16.289 4.303 -2.836
3 16 -18.4399 9.2825 .1723 -17.9893 7.2798 -3.524 -16.289 4.303 -2.836
4 16 -12.87 1.594 3.663 -14.232 3.857 6.981 -15.97 8.074 4.089 -13.979 4.664 .121
3 16 -13.979 4.664 .121 -9.597 1.697 -.192 -12.87 1.594 3.663
3 16 -12.87 1.594 3.663 -9.597 1.697 -.192 -8.732 .796 4.34
3 16 -17.9893 7.2798 -3.524 -17.0936 10.6136 -7.0872 -16.289 4.303 -2.836
3 16 -16.289 4.303 -2.836 -17.0936 10.6136 -7.0872 -15.5835 12.7345 -10.0663
3 16 -11.495 1.383 -5.269 -13.024 3.875 -2.582 -10.161 4.493 -10.55
3 16 -10.161 4.493 -10.55 -13.024 3.875 -2.582 -14.221 10.233 -9.578
3 16 -15.5835 12.7345 -10.0663 -14.221 10.233 -9.578 -16.289 4.303 -2.836
3 16 -16.289 4.303 -2.836 -14.221 10.233 -9.578 -13.024 3.875 -2.582
3 16 -10.161 4.493 -10.55 -7.033 2.852 -8.286 -11.495 1.383 -5.269
3 16 -11.495 1.383 -5.269 -7.033 2.852 -8.286 -9.143 .877 -4.217
3 16 -8.675 0 -.379 -9.481 1.479 -2.104 -8.497 0 -3.803
3 16 -8.497 0 -3.803 -9.481 1.479 -2.104 -9.143 .877 -4.217
3 16 -9.481 1.479 -2.104 -8.675 0 -.379 -9.597 1.697 -.192
3 16 -8.675 0 -.379 -8.732 .796 4.34 -9.597 1.697 -.192
3 16 -7.926 0 4.306 -8.732 .796 4.34 -8.675 0 -.379
3 16 -10.161 4.493 -10.55 -9.732 5.62 -14.922 -5.271 4.324 -14.493
3 16 -5.271 4.324 -14.493 -9.732 5.62 -14.922 -5.834 5.18 -16.009
3 16 -7.033 2.852 -8.286 -2.701 .611 -9.715 -6 0 -6
3 16 -6 0 -6 -2.701 .611 -9.715 -2.251 0 -9.041
4 16 -8.497 0 -3.803 -9.143 .877 -4.217 -7.033 2.852 -8.286 -6 0 -6
3 16 -2.251 0 -9.041 -2.701 .611 -9.715 .709 0 -8.887
3 16 .709 0 -8.887 -2.701 .611 -9.715 1.788 3.086 -12.256
3 16 1.788 3.086 -12.256 5.342 1.153 -9.122 .709 0 -8.887
3 16 .709 0 -8.887 5.342 1.153 -9.122 5.059 0 -8.114
3 16 -10.161 4.493 -10.55 -4.095 1.722 -13.109 -7.033 2.852 -8.286
3 16 -7.033 2.852 -8.286 -4.095 1.722 -13.109 -2.701 .611 -9.715
3 16 -4.095 1.722 -13.109 -10.161 4.493 -10.55 -5.271 4.324 -14.493
4 16 2.355 4.217 -14.245 1.788 3.086 -12.256 -4.095 1.722 -13.109 .517 4.19 -15.301
3 16 -4.095 1.722 -13.109 1.788 3.086 -12.256 -2.701 .611 -9.715
3 16 11.964 4.772 -10.461 8.703 3.444 -8.118 6.227 1.998 -11.882
3 16 6.227 1.998 -11.882 8.703 3.444 -8.118 5.342 1.153 -9.122
3 16 5.298 2.558 -12.508 1.788 3.086 -12.256 2.355 4.217 -14.245
3 16 5.298 2.558 -12.508 5.342 1.153 -9.122 1.788 3.086 -12.256
3 16 6.227 1.998 -11.882 5.342 1.153 -9.122 5.298 2.558 -12.508
3 16 5.298 2.558 -12.508 2.355 4.217 -14.245 6.488 5.183 -13.543
3 16 6.488 5.183 -13.543 2.355 4.217 -14.245 3.572 8.551 -15.297
3 16 .517 4.19 -15.301 3.572 8.551 -15.297 2.355 4.217 -14.245
3 16 1.329 11.562 -16.83 3.572 8.551 -15.297 .517 4.19 -15.301
3 16 -4.095 1.722 -13.109 -5.271 4.324 -14.493 .517 4.19 -15.301
3 16 .517 4.19 -15.301 -5.271 4.324 -14.493 -2.382 7.49 -15.567
3 16 1.329 11.562 -16.83 .517 4.19 -15.301 -2.382 7.49 -15.567
3 16 8.8806 7.0496 -16.0498 12.676 5.822 -11.092 6.488 5.183 -13.543
3 16 6.488 5.183 -13.543 12.676 5.822 -11.092 11.964 4.772 -10.461
3 16 14.925 9.504 -7.925 14.243 5.487 -4.85 11.964 4.772 -10.461
3 16 11.964 4.772 -10.461 14.243 5.487 -4.85 12.211 2.91 -6.448
3 16 14.243 5.487 -4.85 12.378 1.107 -2.697 12.211 2.91 -6.448
3 16 14.21 3.748 -.359 12.378 1.107 -2.697 14.243 5.487 -4.85
3 16 14.21 3.748 -.359 12.067 3.548 1.88 12.378 1.107 -2.697
3 16 12.378 1.107 -2.697 12.067 3.548 1.88 9.931 .594 -2.103
3 16 9.386 2.125 -5.244 9.931 .594 -2.103 8.202 0 -4.034
3 16 8.202 0 -4.034 9.931 .594 -2.103 9.209 0 -1.684
3 16 9.386 2.125 -5.244 8.202 0 -4.034 6.799 0 -6.251
3 16 6.799 0 -6.251 8.703 3.444 -8.118 9.386 2.125 -5.244
3 16 9.209 0 -1.684 9.931 .594 -2.103 8.88 0 1.293
3 16 8.88 0 1.293 9.931 .594 -2.103 12.067 3.548 1.88
3 16 7.919 .621 6.242 8.88 0 1.293 12.067 3.548 1.88
3 16 7.229 0 5.692 8.88 0 1.293 7.919 .621 6.242
3 16 -10.161 4.493 -10.55 -14.221 10.233 -9.578 -15.5835 12.7345 -10.0663
3 16 -15.5835 12.7345 -10.0663 -9.732 5.62 -14.922 -10.161 4.493 -10.55
3 16 -15.5835 12.7345 -10.0663 -13.3694 11.4551 -12.811 -9.732 5.62 -14.922
3 16 -9.732 5.62 -14.922 -13.3694 11.4551 -12.811 -9.8291 8.5592 -15.5414
3 16 -9.732 5.62 -14.922 -9.8291 8.5592 -15.5414 -5.834 5.18 -16.009
3 16 -5.834 5.18 -16.009 -9.8291 8.5592 -15.5414 -7.2166 10.2625 -17.0141
3 16 -5.834 5.18 -16.009 -7.2166 10.2625 -17.0141 -2.808 8.585 -17.039
3 16 -2.808 8.585 -17.039 -7.2166 10.2625 -17.0141 -3.1293 12.3271 -18.2731
3 16 -3.1293 12.3271 -18.2731 1.5087 13.7955 -18.5324 -2.808 8.585 -17.039
3 16 -5.271 4.324 -14.493 -5.834 5.18 -16.009 -2.382 7.49 -15.567
3 16 -2.382 7.49 -15.567 -5.834 5.18 -16.009 -2.808 8.585 -17.039
3 16 -2.808 8.585 -17.039 1.329 11.562 -16.83 -2.382 7.49 -15.567
3 16 1.5087 13.7955 -18.5324 1.329 11.562 -16.83 -2.808 8.585 -17.039
4 16 3.572 8.551 -15.297 1.329 11.562 -16.83 1.5087 13.7955 -18.5324 4.4596 11.8714 -17.9902
3 16 6.9262 9.281 -17.0929 3.572 8.551 -15.297 4.4596 11.8714 -17.9902
3 16 6.488 5.183 -13.543 3.572 8.551 -15.297 6.9262 9.281 -17.0929
3 16 6.488 5.183 -13.543 6.9262 9.281 -17.0929 8.8806 7.0496 -16.0498
3 16 11.964 4.772 -10.461 12.676 5.822 -11.092 14.925 9.504 -7.925
3 16 14.925 9.504 -7.925 12.676 5.822 -11.092 16.3771 12.2199 -8.6837
3 16 13.0781 10.0436 -13.0574 12.676 5.822 -11.092 10.2876 8.2282 -15.2196
3 16 10.2876 8.2282 -15.2196 12.676 5.822 -11.092 8.8806 7.0496 -16.0498
3 16 12.676 5.822 -11.092 13.0781 10.0436 -13.0574 15.6451 11.9428 -9.917
3 16 16.3771 12.2199 -8.6837 12.676 5.822 -11.092 15.6451 11.9428 -9.917
3 16 16.3771 12.2199 -8.6837 15.596 5.927 -4.451 14.925 9.504 -7.925
3 16 14.925 9.504 -7.925 15.596 5.927 -4.451 14.243 5.487 -4.85
3 16 16.844 3.97 1.542 15.596 5.927 -4.451 18.0316 10.2735 -3.9241
3 16 18.0316 10.2735 -3.9241 18.4001 8.3818 -.2302 16.844 3.97 1.542
3 16 16.844 3.97 1.542 18.4001 8.3818 -.2302 18.2705 7.4644 1.6398
3 16 18.0316 10.2735 -3.9241 15.596 5.927 -4.451 16.9432 11.9438 -7.5118
3 16 16.3771 12.2199 -8.6837 16.9432 11.9438 -7.5118 15.596 5.927 -4.451
3 16 14.21 3.748 -.359 16.844 3.97 1.542 12.067 3.548 1.88
3 16 16.844 3.97 1.542 15.094 4.144 4.826 12.067 3.548 1.88
3 16 12.067 3.548 1.88 15.094 4.144 4.826 13.311 3.991 4.681
3 16 18.2705 7.4644 1.6398 18.0419 8.6797 3.5457 16.844 3.97 1.542
4 16 17.0791 10.7469 7.1287 15.094 4.144 4.826 16.844 3.97 1.542 18.0419 8.6797 3.5457
3 16 15.094 4.144 4.826 17.0791 10.7469 7.1287 15.4842 12.6997 10.2127
3 16 13.4935 14.2847 12.8409 15.094 4.144 4.826 15.4842 12.6997 10.2127
3 16 7.229 0 5.692 7.919 .621 6.242 4.351 0 7.69
3 16 4.351 0 7.69 7.919 .621 6.242 4.273 2.523 9.995
3 16 4.273 2.523 9.995 1.893 2.158 10.791 4.351 0 7.69
3 16 4.351 0 7.69 1.893 2.158 10.791 -.218 0 9.167
3 16 -.218 0 9.167 1.893 2.158 10.791 -.602 1.278 10.744
3 16 7.919 .621 6.242 10.342 1.067 8.853 4.273 2.523 9.995
3 16 4.273 2.523 9.995 10.342 1.067 8.853 5.127 3.818 12.922
3 16 12.067 3.548 1.88 13.311 3.991 4.681 7.919 .621 6.242
3 16 7.919 .621 6.242 13.311 3.991 4.681 10.342 1.067 8.853
3 16 12.051 11.185 11.456 5.295 4.628 13.484 10.342 1.067 8.853
3 16 10.342 1.067 8.853 5.295 4.628 13.484 5.127 3.818 12.922
3 16 10.342 1.067 8.853 13.311 3.991 4.681 12.051 11.185 11.456
3 16 13.311 3.991 4.681 15.094 4.144 4.826 12.051 11.185 11.456
3 16 12.051 11.185 11.456 15.094 4.144 4.826 13.4935 14.2847 12.8409
3 16 13.4935 14.2847 12.8409 6.719 5.45 15.241 12.051 11.185 11.456
3 16 12.051 11.185 11.456 6.719 5.45 15.241 5.295 4.628 13.484
3 16 5.295 4.628 13.484 6.719 5.45 15.241 2.48 4.816 14.577
3 16 2.48 4.816 14.577 6.719 5.45 15.241 3.567 5.926 17.724
3 16 -.836 5.042 15.564 2.48 4.816 14.577 -.407 6.532 17.503
3 16 -.407 6.532 17.503 2.48 4.816 14.577 3.567 5.926 17.724
3 16 -.836 5.042 15.564 -.407 6.532 17.503 -4.794 10.399 16.165
3 16 -4.794 10.399 16.165 -.407 6.532 17.503 -5.0995 13.9048 17.907
3 16 -5.0995 13.9048 17.907 -6.9149 13.265 17.2646 -7.936 7.136 14.888
3 16 -10.1801 11.1646 15.4323 -7.936 7.136 14.888 -6.9149 13.265 17.2646
3 16 -13.4782 8.315 12.4971 -7.936 7.136 14.888 -10.1801 11.1646 15.4323
3 16 -13.843 5.021 11.174 -7.936 7.136 14.888 -13.4782 8.315 12.4971
3 16 -.602 1.278 10.744 -1.289 2.085 13.827 -4.341 2.582 10.744
3 16 -4.341 2.582 10.744 -1.289 2.085 13.827 -5.333 3.45 12.743
3 16 -.602 1.278 10.744 1.893 2.158 10.791 -1.289 2.085 13.827
3 16 -1.289 2.085 13.827 1.893 2.158 10.791 2.408 3.365 13.497
3 16 -1.289 2.085 13.827 2.408 3.365 13.497 -.836 5.042 15.564
3 16 -.836 5.042 15.564 2.408 3.365 13.497 2.48 4.816 14.577
3 16 16.844 3.97 1.542 14.21 3.748 -.359 15.596 5.927 -4.451
3 16 15.596 5.927 -4.451 14.21 3.748 -.359 14.243 5.487 -4.85
3 16 -5.333 3.45 12.743 -6.519 6.079 13.864 -9.074 2.083 9.63
3 16 -9.074 2.083 9.63 -6.519 6.079 13.864 -11.774 4.029 10.212
3 16 -14.232 3.857 6.981 -12.87 1.594 3.663 -12.242 4.135 7.916
3 16 -12.242 4.135 7.916 -12.87 1.594 3.663 -8.732 .796 4.34
3 16 -8.732 .796 4.34 -9.074 2.083 9.63 -12.242 4.135 7.916
3 16 -12.242 4.135 7.916 -9.074 2.083 9.63 -11.774 4.029 10.212
3 16 -16.4949 13.0453 8.5195 -15.666 11.695 7.827 -13.843 5.021 11.174
3 16 -13.843 5.021 11.174 -15.666 11.695 7.827 -13.873 4.61 8.611
3 16 -13.873 4.61 8.611 -14.232 3.857 6.981 -12.242 4.135 7.916
3 16 11.964 4.772 -10.461 12.211 2.91 -6.448 8.703 3.444 -8.118
4 16 8.703 3.444 -8.118 12.211 2.91 -6.448 12.378 1.107 -2.697 9.386 2.125 -5.244
3 16 9.386 2.125 -5.244 12.378 1.107 -2.697 9.931 .594 -2.103
3 16 -5.0995 13.9048 17.907 -.407 6.532 17.503 -3.7821 13.3379 18.1845
3 16 -.407 6.532 17.503 -.2642 11.5418 18.5243 -3.7821 13.3379 18.1845
3 16 -.2642 11.5418 18.5243 -.407 6.532 17.503 4.0718 8.7821 17.9415
3 16 4.0718 8.7821 17.9415 -.407 6.532 17.503 3.567 5.926 17.724
3 16 1.893 2.158 10.791 4.273 2.523 9.995 2.408 3.365 13.497
3 16 2.408 3.365 13.497 4.273 2.523 9.995 5.127 3.818 12.922
3 16 -13.979 4.664 .121 -13.024 3.875 -2.582 -9.597 1.697 -.192
3 16 -9.597 1.697 -.192 -13.024 3.875 -2.582 -9.481 1.479 -2.104
4 16 2.48 4.816 14.577 2.408 3.365 13.497 5.127 3.818 12.922 5.295 4.628 13.484
3 16 11.964 4.772 -10.461 6.227 1.998 -11.882 6.488 5.183 -13.543
3 16 6.488 5.183 -13.543 6.227 1.998 -11.882 5.298 2.558 -12.508
3 16 6.719 5.45 15.241 10.5411 12.6658 15.2634 7.0615 10.5775 17.1017
3 16 7.0615 10.5775 17.1017 4.0718 8.7821 17.9415 3.567 5.926 17.724
3 16 3.567 5.926 17.724 6.719 5.45 15.241 7.0615 10.5775 17.1017
3 16 6.719 5.45 15.241 13.4935 14.2847 12.8409 10.5411 12.6658 15.2634
3 16 -13.979 4.664 .121 -16.289 4.303 -2.836 -13.024 3.875 -2.582
3 16 -13.979 4.664 .121 -16.359 8.532 3.902 -16.289 4.303 -2.836
3 16 -15.97 8.074 4.089 -16.359 8.532 3.902 -13.979 4.664 .121
3 16 -6.519 6.079 13.864 -4.794 10.399 16.165 -7.936 7.136 14.888
3 16 -7.936 7.136 14.888 -4.794 10.399 16.165 -5.0995 13.9048 17.907
3 16 -.836 5.042 15.564 -4.794 10.399 16.165 -6.519 6.079 13.864
3 16 -13.024 3.875 -2.582 -11.495 1.383 -5.269 -9.481 1.479 -2.104
3 16 -9.481 1.479 -2.104 -11.495 1.383 -5.269 -9.143 .877 -4.217
4 16 5.059 0 -8.114 5.342 1.153 -9.122 8.703 3.444 -8.118 6.799 0 -6.251
3 16 -16.4949 13.0453 8.5195 -16.359 8.532 3.902 -15.666 11.695 7.827
3 16 -15.666 11.695 7.827 -16.359 8.532 3.902 -15.97 8.074 4.089
3 16 -15.666 11.695 7.827 -15.97 8.074 4.089 -13.873 4.61 8.611
3 16 -13.873 4.61 8.611 -15.97 8.074 4.089 -14.232 3.857 6.981
3 16 -12.242 4.135 7.916 -11.774 4.029 10.212 -13.873 4.61 8.611
3 16 -13.873 4.61 8.611 -11.774 4.029 10.212 -13.843 5.021 11.174

2 24 -7.926 0 4.306 -6 0 6
2 24 -6.646 1.38 7.757 -8.732 .796 4.34
2 24 -8.732 .796 4.34 -7.926 0 4.306
2 24 -6 0 6 -2.68 0 8.278
2 24 -4.341 2.582 10.744 -6.646 1.38 7.757
2 24 -.602 1.278 10.744 -4.341 2.582 10.744
2 24 -.218 0 9.167 -.602 1.278 10.744
2 24 -2.68 0 8.278 -.218 0 9.167
2 24 -9.074 2.083 9.63 -8.732 .796 4.34
2 24 -4.341 2.582 10.744 -5.333 3.45 12.743
2 24 -5.333 3.45 12.743 -9.074 2.083 9.63
2 24 -1.289 2.085 13.827 -.836 5.042 15.564
2 24 -5.333 3.45 12.743 -1.289 2.085 13.827
2 24 -.836 5.042 15.564 -6.519 6.079 13.864
2 24 -6.519 6.079 13.864 -5.333 3.45 12.743
2 24 -13.843 5.021 11.174 -11.774 4.029 10.212
2 24 -7.936 7.136 14.888 -13.843 5.021 11.174
2 24 -11.774 4.029 10.212 -6.519 6.079 13.864
2 24 -6.519 6.079 13.864 -7.936 7.136 14.888
2 24 -16.4949 13.0453 8.5195 -13.843 5.021 11.174
2 24 -15.5727 11.9126 10.0234 -16.4949 13.0453 8.5195
2 24 -13.843 5.021 11.174 -13.4782 8.315 12.4971
2 24 -13.4782 8.315 12.4971 -15.5727 11.9126 10.0234
2 24 -17.2203 12.4609 6.9458 -18.1333 10.9667 3.5541
2 24 -16.359 8.532 3.902 -16.4949 13.0453 8.5195
2 24 -16.4949 13.0453 8.5195 -17.2203 12.4609 6.9458
2 24 -18.1333 10.9667 3.5541 -18.4399 9.2825 .1723
2 24 -16.289 4.303 -2.836 -16.359 8.532 3.902
2 24 -18.4399 9.2825 .1723 -17.9893 7.2798 -3.524
2 24 -17.9893 7.2798 -3.524 -16.289 4.303 -2.836
2 24 -12.87 1.594 3.663 -14.232 3.857 6.981
2 24 -13.979 4.664 .121 -12.87 1.594 3.663
2 24 -14.232 3.857 6.981 -15.97 8.074 4.089
2 24 -15.97 8.074 4.089 -13.979 4.664 .121
2 24 -13.979 4.664 .121 -9.597 1.697 -.192
2 24 -9.597 1.697 -.192 -8.732 .796 4.34
2 24 -8.732 .796 4.34 -12.87 1.594 3.663
2 24 -17.9893 7.2798 -3.524 -17.0936 10.6136 -7.0872
2 24 -17.0936 10.6136 -7.0872 -15.5835 12.7345 -10.0663
2 24 -15.5835 12.7345 -10.0663 -16.289 4.303 -2.836
2 24 -11.495 1.383 -5.269 -13.024 3.875 -2.582
2 24 -10.161 4.493 -10.55 -11.495 1.383 -5.269
2 24 -13.024 3.875 -2.582 -14.221 10.233 -9.578
2 24 -14.221 10.233 -9.578 -10.161 4.493 -10.55
2 24 -15.5835 12.7345 -10.0663 -14.221 10.233 -9.578
2 24 -13.024 3.875 -2.582 -16.289 4.303 -2.836
2 24 -10.161 4.493 -10.55 -7.033 2.852 -8.286
2 24 -7.033 2.852 -8.286 -9.143 .877 -4.217
2 24 -9.143 .877 -4.217 -11.495 1.383 -5.269
2 24 -8.497 0 -3.803 -8.675 0 -.379
2 24 -9.481 1.479 -2.104 -9.143 .877 -4.217
2 24 -9.143 .877 -4.217 -8.497 0 -3.803
2 24 -9.597 1.697 -.192 -9.481 1.479 -2.104
2 24 -8.675 0 -.379 -7.926 0 4.306
2 24 -10.161 4.493 -10.55 -9.732 5.62 -14.922
2 24 -5.271 4.324 -14.493 -10.161 4.493 -10.55
2 24 -9.732 5.62 -14.922 -5.834 5.18 -16.009
2 24 -5.834 5.18 -16.009 -5.271 4.324 -14.493
2 24 -7.033 2.852 -8.286 -2.701 .611 -9.715
2 24 -2.701 .611 -9.715 -2.251 0 -9.041
2 24 -2.251 0 -9.041 -6 0 -6
2 24 -6 0 -6 -8.497 0 -3.803
2 24 .709 0 -8.887 -2.251 0 -9.041
2 24 -2.701 .611 -9.715 1.788 3.086 -12.256
2 24 1.788 3.086 -12.256 5.342 1.153 -9.122
2 24 5.342 1.153 -9.122 5.059 0 -8.114
2 24 5.059 0 -8.114 .709 0 -8.887
2 24 -10.161 4.493 -10.55 -4.095 1.722 -13.109
2 24 -4.095 1.722 -13.109 -2.701 .611 -9.715
2 24 -5.271 4.324 -14.493 -4.095 1.722 -13.109
2 24 2.355 4.217 -14.245 1.788 3.086 -12.256
2 24 .517 4.19 -15.301 2.355 4.217 -14.245
2 24 -4.095 1.722 -13.109 .517 4.19 -15.301
2 24 11.964 4.772 -10.461 8.703 3.444 -8.118
2 24 6.227 1.998 -11.882 11.964 4.772 -10.461
2 24 8.703 3.444 -8.118 5.342 1.153 -9.122
2 24 5.342 1.153 -9.122 6.227 1.998 -11.882
2 24 2.355 4.217 -14.245 5.298 2.558 -12.508
2 24 5.298 2.558 -12.508 6.227 1.998 -11.882
2 24 6.488 5.183 -13.543 5.298 2.558 -12.508
2 24 3.572 8.551 -15.297 6.488 5.183 -13.543
2 24 1.329 11.562 -16.83 3.572 8.551 -15.297
2 24 .517 4.19 -15.301 1.329 11.562 -16.83
2 24 -5.271 4.324 -14.493 -2.382 7.49 -15.567
2 24 -2.382 7.49 -15.567 1.329 11.562 -16.83
2 24 8.8806 7.0496 -16.0498 12.676 5.822 -11.092
2 24 6.488 5.183 -13.543 8.8806 7.0496 -16.0498
2 24 12.676 5.822 -11.092 11.964 4.772 -10.461
2 24 11.964 4.772 -10.461 6.488 5.183 -13.543
2 24 14.925 9.504 -7.925 14.243 5.487 -4.85
2 24 11.964 4.772 -10.461 14.925 9.504 -7.925
2 24 12.211 2.91 -6.448 11.964 4.772 -10.461
2 24 12.378 1.107 -2.697 12.211 2.91 -6.448
2 24 14.21 3.748 -.359 12.378 1.107 -2.697
2 24 14.243 5.487 -4.85 14.21 3.748 -.359
2 24 14.21 3.748 -.359 12.067 3.548 1.88
2 24 12.067 3.548 1.88 9.931 .594 -2.103
2 24 9.931 .594 -2.103 12.378 1.107 -2.697
2 24 9.386 2.125 -5.244 9.931 .594 -2.103
2 24 9.931 .594 -2.103 9.209 0 -1.684
2 24 9.209 0 -1.684 8.202 0 -4.034
2 24 8.202 0 -4.034 6.799 0 -6.251
2 24 6.799 0 -6.251 8.703 3.444 -8.118
2 24 8.703 3.444 -8.118 9.386 2.125 -5.244
2 24 8.88 0 1.293 9.209 0 -1.684
2 24 12.067 3.548 1.88 7.919 .621 6.242
2 24 7.229 0 5.692 8.88 0 1.293
2 24 7.919 .621 6.242 7.229 0 5.692
2 24 -15.5835 12.7345 -10.0663 -9.732 5.62 -14.922
2 24 -15.5835 12.7345 -10.0663 -13.3694 11.4551 -12.811
2 24 -13.3694 11.4551 -12.811 -9.8291 8.5592 -15.5414
2 24 -9.8291 8.5592 -15.5414 -9.732 5.62 -14.922
2 24 -9.8291 8.5592 -15.5414 -7.2166 10.2625 -17.0141
2 24 -2.808 8.585 -17.039 -5.834 5.18 -16.009
2 24 -7.2166 10.2625 -17.0141 -3.1293 12.3271 -18.2731
2 24 -3.1293 12.3271 -18.2731 1.5087 13.7955 -18.5324
2 24 1.5087 13.7955 -18.5324 -2.808 8.585 -17.039
2 24 1.5087 13.7955 -18.5324 1.329 11.562 -16.83
2 24 1.5087 13.7955 -18.5324 4.4596 11.8714 -17.9902
2 24 4.4596 11.8714 -17.9902 6.9262 9.281 -17.0929
2 24 6.9262 9.281 -17.0929 8.8806 7.0496 -16.0498
2 24 12.676 5.822 -11.092 16.3771 12.2199 -8.6837
2 24 16.3771 12.2199 -8.6837 14.925 9.504 -7.925
2 24 10.2876 8.2282 -15.2196 13.0781 10.0436 -13.0574
2 24 8.8806 7.0496 -16.0498 10.2876 8.2282 -15.2196
2 24 13.0781 10.0436 -13.0574 15.6451 11.9428 -9.917
2 24 15.6451 11.9428 -9.917 16.3771 12.2199 -8.6837
2 24 16.3771 12.2199 -8.6837 15.596 5.927 -4.451
2 24 15.596 5.927 -4.451 14.243 5.487 -4.85
2 24 18.0316 10.2735 -3.9241 18.4001 8.3818 -.2302
2 24 16.844 3.97 1.542 15.596 5.927 -4.451
2 24 18.4001 8.3818 -.2302 18.2705 7.4644 1.6398
2 24 18.2705 7.4644 1.6398 16.844 3.97 1.542
2 24 16.9432 11.9438 -7.5118 18.0316 10.2735 -3.9241
2 24 16.3771 12.2199 -8.6837 16.9432 11.9438 -7.5118
2 24 14.21 3.748 -.359 16.844 3.97 1.542
2 24 16.844 3.97 1.542 15.094 4.144 4.826
2 24 15.094 4.144 4.826 13.311 3.991 4.681
2 24 13.311 3.991 4.681 12.067 3.548 1.88
2 24 18.2705 7.4644 1.6398 18.0419 8.6797 3.5457
2 24 18.0419 8.6797 3.5457 17.0791 10.7469 7.1287
2 24 17.0791 10.7469 7.1287 15.4842 12.6997 10.2127
2 24 13.4935 14.2847 12.8409 15.094 4.144 4.826
2 24 15.4842 12.6997 10.2127 13.4935 14.2847 12.8409
2 24 4.351 0 7.69 7.229 0 5.692
2 24 7.919 .621 6.242 4.273 2.523 9.995
2 24 4.273 2.523 9.995 1.893 2.158 10.791
2 24 -.218 0 9.167 4.351 0 7.69
2 24 1.893 2.158 10.791 -.602 1.278 10.744
2 24 7.919 .621 6.242 10.342 1.067 8.853
2 24 10.342 1.067 8.853 5.127 3.818 12.922
2 24 5.127 3.818 12.922 4.273 2.523 9.995
2 24 13.311 3.991 4.681 10.342 1.067 8.853
2 24 12.051 11.185 11.456 5.295 4.628 13.484
2 24 10.342 1.067 8.853 12.051 11.185 11.456
2 24 5.295 4.628 13.484 5.127 3.818 12.922
2 24 13.311 3.991 4.681 12.051 11.185 11.456
2 24 13.4935 14.2847 12.8409 12.051 11.185 11.456
2 24 13.4935 14.2847 12.8409 6.719 5.45 15.241
2 24 6.719 5.45 15.241 5.295 4.628 13.484
2 24 2.48 4.816 14.577 5.295 4.628 13.484
2 24 6.719 5.45 15.241 3.567 5.926 17.724
2 24 3.567 5.926 17.724 2.48 4.816 14.577
2 24 -.836 5.042 15.564 2.48 4.816 14.577
2 24 -.407 6.532 17.503 -.836 5.042 15.564
2 24 3.567 5.926 17.724 -.407 6.532 17.503
2 24 -4.794 10.399 16.165 -.836 5.042 15.564
2 24 -.407 6.532 17.503 -5.0995 13.9048 17.907
2 24 -5.0995 13.9048 17.907 -4.794 10.399 16.165
2 24 -5.0995 13.9048 17.907 -6.9149 13.265 17.2646
2 24 -7.936 7.136 14.888 -5.0995 13.9048 17.907
2 24 -6.9149 13.265 17.2646 -10.1801 11.1646 15.4323
2 24 -10.1801 11.1646 15.4323 -13.4782 8.315 12.4971
2 24 1.893 2.158 10.791 2.408 3.365 13.497
2 24 2.408 3.365 13.497 -1.289 2.085 13.827
2 24 2.408 3.365 13.497 2.48 4.816 14.577
2 24 -11.774 4.029 10.212 -9.074 2.083 9.63
2 24 -12.242 4.135 7.916 -14.232 3.857 6.981
2 24 -8.732 .796 4.34 -12.242 4.135 7.916
2 24 -11.774 4.029 10.212 -12.242 4.135 7.916
2 24 -16.4949 13.0453 8.5195 -15.666 11.695 7.827
2 24 -15.666 11.695 7.827 -13.873 4.61 8.611
2 24 -13.873 4.61 8.611 -13.843 5.021 11.174
2 24 -.2642 11.5418 18.5243 4.0718 8.7821 17.9415
2 24 -3.7821 13.3379 18.1845 -.2642 11.5418 18.5243
2 24 4.0718 8.7821 17.9415 7.0615 10.5775 17.1017
2 24 7.0615 10.5775 17.1017 10.5411 12.6658 15.2634
2 24 10.5411 12.6658 15.2634 13.4935 14.2847 12.8409
2 24 -13.873 4.61 8.611 -14.232 3.857 6.981
2 24 -12.242 4.135 7.916 -13.873 4.61 8.611
2 24 -3.7821 13.3379 18.1845 -5.0995 13.9048 17.907
2 24 3.567 5.926 17.724 4.0718 8.7821 17.9415
2 24 5.127 3.818 12.922 2.408 3.365 13.497
2 24 -13.979 4.664 .121 -13.024 3.875 -2.582
2 24 -13.024 3.875 -2.582 -9.481 1.479 -2.104
2 24 5.059 0 -8.114 6.799 0 -6.251
2 24 -15.97 8.074 4.089 -16.359 8.532 3.902
2 24 -6.519 6.079 13.864 -4.794 10.399 16.165
2 24 -15.97 8.074 4.089 -15.666 11.695 7.827
2 24 18.478 48.006 -7.654 18.012 47.896 -8.638

5 24 -12.87 1.594 3.663 -15.97 8.074 4.089 -14.232 3.857 6.981 -13.979 4.664 .121
5 24 2.355 4.217 -14.245 -4.095 1.722 -13.109 1.788 3.086 -12.256 .517 4.19 -15.301
5 24 2.48 4.816 14.577 -.407 6.532 17.503 -.836 5.042 15.564 3.567 5.926 17.724
5 24 2.48 4.816 14.577 6.719 5.45 15.241 5.295 4.628 13.484 3.567 5.926 17.724
5 24 6.488 5.183 -13.543 6.9262 9.281 -17.0929 3.572 8.551 -15.297 8.8806 7.0496 -16.0498
5 24 -15.666 11.695 7.827 -16.359 8.532 3.902 -15.97 8.074 4.089 -16.4949 13.0453 8.5195
5 24 -3.7821 13.3379 18.1845 -.407 6.532 17.503 -5.0995 13.9048 17.907 -.2642 11.5418 18.5243
5 24 5.298 2.558 -12.508 1.788 3.086 -12.256 2.355 4.217 -14.245 5.342 1.153 -9.122
5 24 -17.2203 12.4609 6.9458 -16.359 8.532 3.902 -18.1333 10.9667 3.5541 -16.4949 13.0453 8.5195
5 24 11.964 4.772 -10.461 14.243 5.487 -4.85 14.925 9.504 -7.925 12.211 2.91 -6.448
5 24 -6 0 -6 -2.701 .611 -9.715 -7.033 2.852 -8.286 -2.251 0 -9.041
5 24 12.211 2.91 -6.448 14.243 5.487 -4.85 11.964 4.772 -10.461 12.378 1.107 -2.697
5 24 3.572 8.551 -15.297 4.4596 11.8714 -17.9902 1.329 11.562 -16.83 6.9262 9.281 -17.0929
5 24 .709 0 -8.887 -2.701 .611 -9.715 -2.251 0 -9.041 1.788 3.086 -12.256
5 24 -2.808 8.585 -17.039 -7.2166 10.2625 -17.0141 -5.834 5.18 -16.009 -3.1293 12.3271 -18.2731
5 24 -5.271 4.324 -14.493 -9.732 5.62 -14.922 -10.161 4.493 -10.55 -5.834 5.18 -16.009
5 24 16.9432 11.9438 -7.5118 15.596 5.927 -4.451 16.3771 12.2199 -8.6837 18.0316 10.2735 -3.9241
5 24 -12.242 4.135 7.916 -12.87 1.594 3.663 -8.732 .796 4.34 -14.232 3.857 6.981
5 24 12.051 11.185 11.456 6.719 5.45 15.241 13.4935 14.2847 12.8409 5.295 4.628 13.484
5 24 12.051 11.185 11.456 15.094 4.144 4.826 13.311 3.991 4.681 13.4935 14.2847 12.8409
5 24 -16.289 4.303 -2.836 -13.979 4.664 .121 -13.024 3.875 -2.582 -16.359 8.532 3.902
5 24 -9.074 2.083 9.63 -4.341 2.582 10.744 -5.333 3.45 12.743 -6.646 1.38 7.757
5 24 -8.497 0 -3.803 -9.481 1.479 -2.104 -8.675 0 -.379 -9.143 .877 -4.217
5 24 .709 0 -8.887 5.342 1.153 -9.122 1.788 3.086 -12.256 5.059 0 -8.114
5 24 -16.289 4.303 -2.836 -14.221 10.233 -9.578 -15.5835 12.7345 -10.0663 -13.024 3.875 -2.582
5 24 -13.843 5.021 11.174 -15.666 11.695 7.827 -16.4949 13.0453 8.5195 -13.873 4.61 8.611
5 24 4.351 0 7.69 7.919 .621 6.242 7.229 0 5.692 4.273 2.523 9.995
5 24 -7.936 7.136 14.888 -11.774 4.029 10.212 -13.843 5.021 11.174 -6.519 6.079 13.864
5 24 12.067 3.548 1.88 16.844 3.97 1.542 14.21 3.748 -.359 15.094 4.144 4.826
5 24 -8.732 .796 4.34 -8.675 0 -.379 -9.597 1.697 -.192 -7.926 0 4.306
5 24 14.925 9.504 -7.925 12.676 5.822 -11.092 11.964 4.772 -10.461 16.3771 12.2199 -8.6837
5 24 .517 4.19 -15.301 -5.271 4.324 -14.493 -4.095 1.722 -13.109 -2.382 7.49 -15.567
5 24 -7.033 2.852 -8.286 -6 0 -6 -2.701 .611 -9.715 -9.143 .877 -4.217
5 24 10.5411 12.6658 15.2634 6.719 5.45 15.241 7.0615 10.5775 17.1017 13.4935 14.2847 12.8409
5 24 -7.926 0 4.306 -6.646 1.38 7.757 -6 0 6 -8.732 .796 4.34
5 24 -9.597 1.697 -.192 -12.87 1.594 3.663 -13.979 4.664 .121 -8.732 .796 4.34
5 24 -13.873 4.61 8.611 -15.97 8.074 4.089 -15.666 11.695 7.827 -14.232 3.857 6.981
5 24 -4.341 2.582 10.744 -2.68 0 8.278 -.602 1.278 10.744 -6.646 1.38 7.757
5 24 6.227 1.998 -11.882 8.703 3.444 -8.118 11.964 4.772 -10.461 5.342 1.153 -9.122
5 24 8.88 0 1.293 7.919 .621 6.242 12.067 3.548 1.88 7.229 0 5.692
5 24 -16.359 8.532 3.902 -18.1333 10.9667 3.5541 -17.2203 12.4609 6.9458 -16.289 4.303 -2.836
5 24 -1.289 2.085 13.827 1.893 2.158 10.791 -.602 1.278 10.744 2.408 3.365 13.497
5 24 -1.289 2.085 13.827 -.602 1.278 10.744 -4.341 2.582 10.744 1.893 2.158 10.791
5 24 -16.289 4.303 -2.836 -18.1333 10.9667 3.5541 -18.4399 9.2825 .1723 -16.359 8.532 3.902
5 24 3.572 8.551 -15.297 6.9262 9.281 -17.0929 4.4596 11.8714 -17.9902 6.488 5.183 -13.543
5 24 15.596 5.927 -4.451 14.925 9.504 -7.925 16.3771 12.2199 -8.6837 14.243 5.487 -4.85
5 24 -12.242 4.135 7.916 -9.074 2.083 9.63 -11.774 4.029 10.212 -8.732 .796 4.34
5 24 6.488 5.183 -13.543 6.227 1.998 -11.882 11.964 4.772 -10.461 5.298 2.558 -12.508
5 24 -10.161 4.493 -10.55 -13.024 3.875 -2.582 -11.495 1.383 -5.269 -14.221 10.233 -9.578
5 24 3.572 8.551 -15.297 .517 4.19 -15.301 2.355 4.217 -14.245 1.329 11.562 -16.83
5 24 7.0615 10.5775 17.1017 3.567 5.926 17.724 6.719 5.45 15.241 4.0718 8.7821 17.9415
5 24 -4.095 1.722 -13.109 1.788 3.086 -12.256 .517 4.19 -15.301 -2.701 .611 -9.715
5 24 -7.936 7.136 14.888 -10.1801 11.1646 15.4323 -6.9149 13.265 17.2646 -13.4782 8.315 12.4971
5 24 4.0718 8.7821 17.9415 -.407 6.532 17.503 -.2642 11.5418 18.5243 3.567 5.926 17.724
5 24 6.488 5.183 -13.543 12.676 5.822 -11.092 8.8806 7.0496 -16.0498 11.964 4.772 -10.461
5 24 -9.597 1.697 -.192 -8.675 0 -.379 -9.481 1.479 -2.104 -8.732 .796 4.34
5 24 12.067 3.548 1.88 15.094 4.144 4.826 16.844 3.97 1.542 13.311 3.991 4.681
5 24 16.844 3.97 1.542 18.0316 10.2735 -3.9241 18.4001 8.3818 -.2302 15.596 5.927 -4.451
5 24 .517 4.19 -15.301 -2.382 7.49 -15.567 -5.271 4.324 -14.493 1.329 11.562 -16.83
5 24 10.342 1.067 8.853 5.295 4.628 13.484 12.051 11.185 11.456 5.127 3.818 12.922
5 24 -10.161 4.493 -10.55 -15.5835 12.7345 -10.0663 -9.732 5.62 -14.922 -14.221 10.233 -9.578
5 24 5.342 1.153 -9.122 5.298 2.558 -12.508 1.788 3.086 -12.256 6.227 1.998 -11.882
5 24 -16.359 8.532 3.902 -13.979 4.664 .121 -16.289 4.303 -2.836 -15.97 8.074 4.089
5 24 10.2876 8.2282 -15.2196 12.676 5.822 -11.092 13.0781 10.0436 -13.0574 8.8806 7.0496 -16.0498
5 24 -11.495 1.383 -5.269 -7.033 2.852 -8.286 -10.161 4.493 -10.55 -9.143 .877 -4.217
5 24 12.676 5.822 -11.092 13.0781 10.0436 -13.0574 10.2876 8.2282 -15.2196 15.6451 11.9428 -9.917
5 24 -13.873 4.61 8.611 -11.774 4.029 10.212 -12.242 4.135 7.916 -13.843 5.021 11.174
5 24 9.386 2.125 -5.244 12.378 1.107 -2.697 8.703 3.444 -8.118 9.931 .594 -2.103
5 24 -2.382 7.49 -15.567 -2.808 8.585 -17.039 1.329 11.562 -16.83 -5.834 5.18 -16.009
5 24 6.719 5.45 15.241 7.0615 10.5775 17.1017 10.5411 12.6658 15.2634 3.567 5.926 17.724
5 24 16.844 3.97 1.542 18.0419 8.6797 3.5457 18.2705 7.4644 1.6398 15.094 4.144 4.826
5 24 -16.289 4.303 -2.836 -17.0936 10.6136 -7.0872 -17.9893 7.2798 -3.524 -15.5835 12.7345 -10.0663
5 24 4.351 0 7.69 4.273 2.523 9.995 1.893 2.158 10.791 7.919 .621 6.242
5 24 .709 0 -8.887 1.788 3.086 -12.256 5.342 1.153 -9.122 -2.701 .611 -9.715
5 24 -7.936 7.136 14.888 -4.794 10.399 16.165 -6.519 6.079 13.864 -5.0995 13.9048 17.907
5 24 4.273 2.523 9.995 2.408 3.365 13.497 1.893 2.158 10.791 5.127 3.818 12.922
5 24 -.2642 11.5418 18.5243 -.407 6.532 17.503 -3.7821 13.3379 18.1845 4.0718 8.7821 17.9415
5 24 -2.68 0 8.278 -.602 1.278 10.744 -4.341 2.582 10.744 -.218 0 9.167
5 24 15.094 4.144 4.826 17.0791 10.7469 7.1287 18.0419 8.6797 3.5457 15.4842 12.6997 10.2127
5 24 -7.033 2.852 -8.286 -4.095 1.722 -13.109 -10.161 4.493 -10.55 -2.701 .611 -9.715
5 24 1.329 11.562 -16.83 -2.808 8.585 -17.039 -2.382 7.49 -15.567 1.5087 13.7955 -18.5324
5 24 -9.481 1.479 -2.104 -8.675 0 -.379 -8.497 0 -3.803 -9.597 1.697 -.192
5 24 7.919 .621 6.242 13.311 3.991 4.681 12.067 3.548 1.88 10.342 1.067 8.853
5 24 -4.341 2.582 10.744 -1.289 2.085 13.827 -.602 1.278 10.744 -5.333 3.45 12.743
5 24 15.094 4.144 4.826 15.4842 12.6997 10.2127 17.0791 10.7469 7.1287 13.4935 14.2847 12.8409
5 24 -18.4399 9.2825 .1723 -16.289 4.303 -2.836 -17.9893 7.2798 -3.524 -18.1333 10.9667 3.5541
5 24 15.596 5.927 -4.451 18.0316 10.2735 -3.9241 16.9432 11.9438 -7.5118 16.844 3.97 1.542
5 24 -9.074 2.083 9.63 -6.646 1.38 7.757 -8.732 .796 4.34 -4.341 2.582 10.744
5 24 -9.732 5.62 -14.922 -13.3694 11.4551 -12.811 -15.5835 12.7345 -10.0663 -9.8291 8.5592 -15.5414
5 24 -6 0 6 -6.646 1.38 7.757 -7.926 0 4.306 -2.68 0 8.278
5 24 -.836 5.042 15.564 2.408 3.365 13.497 -1.289 2.085 13.827 2.48 4.816 14.577
5 24 -5.333 3.45 12.743 -.836 5.042 15.564 -1.289 2.085 13.827 -6.519 6.079 13.864
5 24 12.067 3.548 1.88 12.378 1.107 -2.697 14.21 3.748 -.359 9.931 .594 -2.103
5 24 8.88 0 1.293 12.067 3.548 1.88 9.931 .594 -2.103 7.919 .621 6.242
5 24 -5.834 5.18 -16.009 -7.2166 10.2625 -17.0141 -9.8291 8.5592 -15.5414 -2.808 8.585 -17.039
5 24 -7.936 7.136 14.888 -6.9149 13.265 17.2646 -10.1801 11.1646 15.4323 -5.0995 13.9048 17.907
5 24 -4.794 10.399 16.165 -.407 6.532 17.503 -5.0995 13.9048 17.907 -.836 5.042 15.564
5 24 4.273 2.523 9.995 10.342 1.067 8.853 5.127 3.818 12.922 7.919 .621 6.242
5 24 3.572 8.551 -15.297 2.355 4.217 -14.245 6.488 5.183 -13.543 .517 4.19 -15.301
5 24 12.676 5.822 -11.092 15.6451 11.9428 -9.917 13.0781 10.0436 -13.0574 16.3771 12.2199 -8.6837
5 24 18.4001 8.3818 -.2302 16.844 3.97 1.542 18.0316 10.2735 -3.9241 18.2705 7.4644 1.6398
5 24 8.88 0 1.293 9.931 .594 -2.103 9.209 0 -1.684 12.067 3.548 1.88
5 24 8.202 0 -4.034 9.931 .594 -2.103 9.209 0 -1.684 9.386 2.125 -5.244
5 24 -2.808 8.585 -17.039 -3.1293 12.3271 -18.2731 1.5087 13.7955 -18.5324 -7.2166 10.2625 -17.0141
5 24 -11.495 1.383 -5.269 -9.481 1.479 -2.104 -13.024 3.875 -2.582 -9.143 .877 -4.217
5 24 6.488 5.183 -13.543 2.355 4.217 -14.245 5.298 2.558 -12.508 3.572 8.551 -15.297
5 24 -.218 0 9.167 1.893 2.158 10.791 4.351 0 7.69 -.602 1.278 10.744
5 24 4.351 0 7.69 1.893 2.158 10.791 4.273 2.523 9.995 -.218 0 9.167
5 24 -6.519 6.079 13.864 -9.074 2.083 9.63 -5.333 3.45 12.743 -11.774 4.029 10.212
5 24 15.596 5.927 -4.451 14.21 3.748 -.359 16.844 3.97 1.542 14.243 5.487 -4.85
5 24 -9.597 1.697 -.192 -13.024 3.875 -2.582 -9.481 1.479 -2.104 -13.979 4.664 .121
5 24 12.378 1.107 -2.697 14.243 5.487 -4.85 12.211 2.91 -6.448 14.21 3.748 -.359
5 24 -5.834 5.18 -16.009 -9.8291 8.5592 -15.5414 -9.732 5.62 -14.922 -7.2166 10.2625 -17.0141
5 24 -2.382 7.49 -15.567 -5.834 5.18 -16.009 -5.271 4.324 -14.493 -2.808 8.585 -17.039
5 24 -15.5727 11.9126 10.0234 -13.843 5.021 11.174 -16.4949 13.0453 8.5195 -13.4782 8.315 12.4971
5 24 8.202 0 -4.034 9.386 2.125 -5.244 9.931 .594 -2.103 6.799 0 -6.251
5 24 -7.936 7.136 14.888 -13.4782 8.315 12.4971 -10.1801 11.1646 15.4323 -13.843 5.021 11.174
5 24 12.211 2.91 -6.448 8.703 3.444 -8.118 11.964 4.772 -10.461 12.378 1.107 -2.697
5 24 6.799 0 -6.251 9.386 2.125 -5.244 8.703 3.444 -8.118 8.202 0 -4.034

5 24 5.1346 43 -19.1635 7.5928 43 -18.3302 5.176 48 -19.318 6.9262 9.281 -17.0929
5 24 19.1635 43 5.1346 18.3302 43 7.5928 19.318 48 5.176 17.0791 10.7469 7.1287
5 24 -2.5891 43 -19.6694 0 43 -19.84 1.5087 13.7955 -18.5324 0 48 -20
5 24 0 43 -19.84 2.5891 43 -19.6694 0 48 -20 1.5087 13.7955 -18.5324
5 24 19.6694 43 2.5891 19.1635 43 5.1346 18.0419 8.6797 3.5457 19.828 48 2.61
5 24 19.84 43 0 19.6694 43 2.5891 20 48 0 18.4001 8.3818 -.2302
5 24 2.5891 43 19.6694 0 43 19.84 -.2642 11.5418 18.5243 0 48 20
5 24 -7.5928 43 18.3302 -9.9688 43 17.1489 -7.654 48 18.478 -10.1801 11.1646 15.4323
5 24 7.5928 43 18.3302 5.1346 43 19.1635 5.176 48 19.318 4.0718 8.7821 17.9415
5 24 -19.84 43 0 -19.6694 43 -2.5891 -20 48 0 -18.4399 9.2825 .1723
5 24 -19.6694 43 -2.5891 -19.1635 43 -5.1346 -17.9893 7.2798 -3.524 -19.828 48 -2.61
5 24 19.1635 43 -5.1346 19.6694 43 -2.5891 19.828 48 -2.61 18.0316 10.2735 -3.9241
5 24 -5.1346 43 -19.1635 -2.5891 43 -19.6694 -3.1293 12.3271 -18.2731 -2.61 48 -19.828
5 24 -17.1489 43 9.9688 -18.3302 43 7.5928 -18.478 48 7.654 -17.2203 12.4609 6.9458
5 24 -5.1346 43 19.1635 -7.5928 43 18.3302 -5.176 48 19.318 -6.9149 13.265 17.2646
5 24 -19.1635 43 5.1346 -19.6694 43 2.5891 -18.1333 10.9667 3.5541 -19.828 48 2.61
5 24 18.3302 43 -7.5928 19.1635 43 -5.1346 19.318 48 -5.176 18.0316 10.2735 -3.9241
5 24 -18.3302 43 7.5928 -19.1635 43 5.1346 -18.1333 10.9667 3.5541 -19.318 48 5.176
5 24 5.1346 43 19.1635 2.5891 43 19.6694 4.0718 8.7821 17.9415 2.61 48 19.828
5 24 0 43 19.84 -2.5891 43 19.6694 -3.7821 13.3379 18.1845 0 48 20
5 24 -2.5891 43 19.6694 -5.1346 43 19.1635 -2.61 48 19.828 -5.0995 13.9048 17.907
5 24 19.6694 43 -2.5891 19.84 43 0 20 48 0 18.4001 8.3818 -.2302
5 24 -18.3302 43 -7.5928 -17.1489 43 -9.9688 -18.478 48 -7.654 -15.5835 12.7345 -10.0663
5 24 9.9688 43 17.1489 7.5928 43 18.3302 7.0615 10.5775 17.1017 7.654 48 18.478
5 24 -19.6694 43 2.5891 -19.84 43 0 -18.4399 9.2825 .1723 -20 48 0
5 24 -19.1635 43 -5.1346 -18.3302 43 -7.5928 -19.318 48 -5.176 -17.0936 10.6136 -7.0872
5 24 18.3302 43 7.5928 17.1489 43 9.9688 15.4842 12.6997 10.2127 18.478 48 7.654
5 24 -9.9688 43 -17.1489 -7.5928 43 -18.3302 -7.2166 10.2625 -17.0141 -7.654 48 -18.478
5 24 17.1489 43 -9.9688 18.3302 43 -7.5928 18.478 48 -7.654 16.9432 11.9438 -7.5118
5 24 -7.5928 43 -18.3302 -5.1346 43 -19.1635 -3.1293 12.3271 -18.2731 -5.176 48 -19.318
5 24 2.5891 43 -19.6694 5.1346 43 -19.1635 4.4596 11.8714 -17.9902 2.61 48 -19.828
5 24 7.5928 43 -18.3302 9.9688 43 -17.1489 8.8806 7.0496 -16.0498 7.654 48 -18.478