0 Brick  1 x  2 x  1 with Curved Bottom
0 Name: 5847.dat
0 Author: Rene Rechthaler [Blechtaler]
0 !LDRAW_ORG Part UPDATE 2026-03
0 !LICENSE Licensed under CC BY 4.0 : see CAreadme.txt

0 BFC CERTIFY CCW

0 !KEYWORDS Brickowl 615671, Inverted, slope

0 !HISTORY 2026-01-02 [Blechtaler] made from 1750 by [GeraldLasser]
0 !HISTORY 2026-03-31 [OrionP] Official Update 2026-03

1 16 0 8 0 0 0 -1 0 1 0 1 0 0 stud.dat
1 16 0 16 0 10 0 0 0 -8 0 0 0 10 box4-4a.dat
4 16 10 16 -10 6 16 -10 6 16 6 10 16 10
4 16 10 16 10 6 16 6 -6 16 6 -10 16 10
4 16 -10 16 10 -6 16 6 -6 16 -10 -10 16 -10
0 BFC INVERTNEXT
1 16 0 16 -2 6 0 0 0 -4 0 0 0 8 box5-1.dat
1 16 0 12 -8 2 0 0 0 4 0 0 0 2 box4-1.dat
2 24 -10 16 -10 -6 16 -10
2 24 6 16 -10 10 16 -10
1 16 0 4 -10 10 0 0 0 0 4 0 -1 0 rect.dat
1 16 0 20 -10 10 0 0 0 0 4 0 1 0 recte3.dat
3 16 6 16 -10 10 16 -10 10 24 -10
3 16 -10 24 -10 -10 16 -10 -6 16 -10
4 16 -10 24 -10 -6 16 -10 6 16 -10 10 24 -10
1 16 -10 4 -10 0 20 0 20 0 0 0 0 -20 1-4cylo.dat
1 16 -10 4 -10 0 1 0 20 0 0 0 0 -20 1-4chrd.dat
1 16 10 4 -10 0 -1 0 0 0 20 -20 0 0 1-4chrd.dat
1 16 0 0 -20 10 0 0 0 1 0 0 0 -10 recte3.dat
1 16 0 2 -30 0 0 10 2 0 0 0 1 0 rect2p.dat
3 16 10 24 -10 10 16 -10 10 4 -30
3 16 10 4 -30 10 16 -10 10 8 -10
4 16 10 8 -10 10 0 -10 10 0 -30 10 4 -30
4 16 -10 4 -30 -10 0 -30 -10 0 -10 -10 8 -10
3 16 -10 4 -30 -10 8 -10 -10 16 -10
3 16 -10 4 -30 -10 16 -10 -10 24 -10
4 16 10 0 -10 7 0 -13 7 0 -27 10 0 -30
4 16 -10 0 -10 -10 0 -30 -7 0 -27 -7 0 -13
3 16 10 0 -30 7 0 -27 1.5 0 -27
3 16 -7 0 -27 -10 0 -30 -1.5 0 -27
3 16 -10 0 -10 -7 0 -13 -1.5 0 -13
3 16 7 0 -13 10 0 -10 1.5 0 -13
4 16 -1.5 0 -13 1.5 0 -13 10 0 -10 -10 0 -10
4 16 -1.5 0 -27 -10 0 -30 10 0 -30 1.5 0 -27

4 16 7 0 -13 7 20 -13 7 6 -27 7 0 -27
4 16 -7 0 -27 -7 6 -27 -7 20 -13 -7 0 -13
1 16 0 0 -20 1 0 0 0 1 0 0 0 1 stud2a.dat
1 16 0 0 -20 1 0 0 0 7 0 0 0 1 stud2s2e.dat
1 16 0 13 -20 7 0 0 0 1 7 0 0 7 rect.dat
1 16 0 7 -20 0 0 -6 0 6 0 -6 0 0 4-4cylse.dat
0 BFC INVERTNEXT
1 16 0 9.5 -20 0 0 -3.5 0 3.5 0 -3.5 0 0 4-4cylse.dat
0 BFC INVERTNEXT
1 16 0 9.5 -20 0 0 -3.5 0 -2.5 0 -3.5 0 0 4-4cyli.dat

2 24 0 0 -26 -1.4996 0 -25.7018
2 24 1.4996 0 -25.7018 0 0 -26
2 24 1.4996 0 -14.2982 0 0 -14
2 24 0 0 -14 -1.4996 0 -14.2982
1 16 0 7.5 -26.3509 0 0 -1.5 0 -7.5 0 .6491 0 0 box3u6a.dat
1 16 0 20 -13.6491 0 0 -1.5 0 -20 0 .6491 0 0 box3u6a.dat
2 24 1.5 6 -27 1.5 7.2982 -25.7018
2 24 -1.5 6 -27 -1.5 7.2982 -25.7018
2 24 1.5 18.7018 -14.2982 1.5 20 -13
2 24 -1.5 18.7018 -14.2982 -1.5 20 -13

1 16 -4.25 10 -13 -2.75 0 0 0 0 -10 0 1 0 rect2a.dat
1 16 4.25 10 -13 2.75 0 0 0 0 -10 0 1 0 rect2a.dat
1 16 4.25 3 -27 2.75 0 0 0 0 -3 0 -1 0 rect2a.dat
1 16 -4.25 3 -27 -2.75 0 0 0 0 -3 0 -1 0 rect2a.dat
2 24 -7 0 -13 -7 0 -27
2 24 7 0 -27 7 0 -13