0 Plate  3 x  6 with  2 x  4 Cutout
0 Name: 77842.dat
0 Author: Gerald Lasser [GeraldLasser]
0 !LDRAW_ORG Part UPDATE 2026-02
0 !LICENSE Licensed under CC BY 4.0 : see CAreadme.txt

0 BFC CERTIFY CCW

0 !HISTORY 2026-03-06 [OrionP] Official Update 2026-02

1 16 50 4 0 0 0 -1 0 -1 0 1 0 0 stug3-1x2.dat
1 16 -50 4 0 0 0 -1 0 -1 0 1 0 0 stug3-1x2.dat
1 16 0 4 20 -1 0 0 0 -1 0 0 0 -1 stug3-1x5.dat
1 16 43.2929 5.75 13.2929 0 2.46448 .70711 1.75 0 0 0 2.46448 -.70711 box3u2p.dat
3 16 44 7.5 14 42.5858 7.5 14 45.0503 7.5 16.4645
4 16 45.0503 7.5 16.4645 46.4645 7.5 15.0503 44 7.5 12.5858 44 7.5 14
2 24 44 7.5 12.5858 44 7.5 14
2 24 44 7.5 14 42.5858 7.5 14
1 16 -43.2929 5.75 13.2929 0 -2.46448 -.70711 1.75 0 0 0 2.46448 -.70711 box3u2p.dat
3 16 -42.5858 7.5 14 -44 7.5 14 -45.0503 7.5 16.4645
4 16 -44 7.5 12.5858 -46.4645 7.5 15.0503 -45.0503 7.5 16.4645 -44 7.5 14
2 24 -44 7.5 14 -44 7.5 12.5858
2 24 -42.5858 7.5 14 -44 7.5 14

4 16 40 8 -30 44 8 -26 56 8 -26 60 8 -30
4 16 60 8 -30 56 8 -26 56 8 26 60 8 30
4 16 40 8 10 44 8 14 44 8 -26 40 8 -30
4 16 -56 8 -26 -44 8 -26 -40 8 -30 -60 8 -30
4 16 -56 8 26 -56 8 -26 -60 8 -30 -60 8 30
4 16 -44 8 -26 -44 8 14 -40 8 10 -40 8 -30
4 16 60 8 30 56 8 26 -56 8 26 -60 8 30
4 16 -40 8 10 -44 8 14 44 8 14 40 8 10
0 BFC INVERTNEXT
1 16 0 6 -26 0 0 -56 2 0 0 0 52 0 box3u2p.dat
1 16 0 6 -26 0 0 -44 2 0 0 0 40 0 box3u2p.dat
4 16 44 4 -26 56 4 -26 56 8 -26 44 8 -26
4 16 -56 4 -26 -44 4 -26 -44 8 -26 -56 8 -26
2 24 -44 8 -26 -56 8 -26
2 24 -56 4 -26 -44 4 -26
2 24 56 8 -26 44 8 -26
2 24 44 4 -26 56 4 -26
4 16 -56 4 26 56 4 26 44 4 14 -44 4 14
4 16 44 4 -26 44 4 14 56 4 26 56 4 -26
4 16 -56 4 26 -44 4 14 -44 4 -26 -56 4 -26

1 16 0 4 -30 0 0 -60 4 0 0 0 60 0 box3u2p.dat
1 16 50 4 -10 0 -10 0 4 0 0 0 0 -20 box2-7.dat
1 16 -50 4 -10 0 10 0 4 0 0 0 0 -20 box2-7.dat
1 16 0 4 10 0 0 -40 4 0 0 0 60 0 rect.dat
4 16 -40 0 10 40 0 10 60 0 30 -60 0 30
4 16 40 0 10 40 0 -30 60 0 -30 60 0 30
4 16 -60 0 -30 -40 0 -30 -40 0 10 -60 0 30
1 16 0 0 20 0 0 -1 0 1 0 1 0 0 stug-6x1.dat
1 16 50 0 -10 0 0 -1 0 1 0 1 0 0 stug-1x2.dat
1 16 -50 0 -10 0 0 -1 0 1 0 1 0 0 stug-1x2.dat