0 Slope Brick Curved  8 x  4 x  1.667
0 Name: 8236.dat
0 Author: Gerald Lasser [GeraldLasser]
0 !LDRAW_ORG Part UPDATE 2026-05
0 !LICENSE Licensed under CC BY 4.0 : see CAreadme.txt

0 BFC CERTIFY CCW

0 !HISTORY 2026-05-31 [OrionP] Official Update 2026-05

1 16 0 0 0 1 0 0 0 1 0 0 0 1 s\8236s01.dat

4 16 -40 .1979 -3.199 -40 1.1675 -19.468 40 1.1675 -19.468 40 .1979 -3.199
4 16 40 1.1675 -19.468 -40 1.1675 -19.468 -40 2.766 -36.1 40 2.766 -36.1
4 16 -40 5.7196 -55.693 40 5.7196 -55.693 40 2.766 -36.1 -40 2.766 -36.1
4 16 40 5.7196 -55.693 -40 5.7196 -55.693 -40 9.7257 -75.112 40 9.7257 -75.112
4 16 -40 14.7709 -94.304 40 14.7709 -94.304 40 9.7257 -75.112 -40 9.7257 -75.112
4 16 40 14.7709 -94.304 -40 14.7709 -94.304 -40 20.8437 -113.216 40 20.8437 -113.216
4 16 40 27.9256 -131.798 40 20.8437 -113.216 -40 20.8437 -113.216 -40 27.9256 -131.798
4 16 40 36 -150 40 27.9256 -131.798 -40 27.9256 -131.798 -40 36 -150
4 16 -40 0 10 -40 .1979 -3.199 40 .1979 -3.199 40 0 10